2173
3576
3290
83401
338785
7018
57016
163782
341
374918
55711
3952
55825
685
5266
4257
256076
64102
6296
56649
247
8638
2203
63924
3868
9021
2354
339105
641371
6563
57678
84649
3932
5646
9787
2353
7130
79827
5446
2194
9073
11226
6319
4939
79413
7704
6854
5275
1880
64084
2104
64108
8601
85329
3038
152831
283897
1062
1033
8061
139065
6347
24137
10468
3702
57484
9595
11001
84466
94240
1890
79152
8728
81610
4246
23284
699
55388
4940
4318
4938
54978
401546
7051
11112
9319
57214
23205
9582
2359
1776
2123
55686
4826
57405
3158
55165
3638
10112
8622
10461
4084
60481
50852
146894
22866
3034
11339
27346
6772
7941
57619
101
4288
9570
83886
6097
1803
241
3001
256236
2305
10462
3665
85477
32
2161
6367
152015
10449
794
7056
10082
54149
891
10647
27074
4069
157313
11151
4050
4306
5463
983
55026
64005
8111
1043
5313
9262
4599
119548
948
1001
10580
10062
332
55108
2273
283459
348
51154
83666
84152
216
9796
1063
286887
116238
54552
6363
1717
5645
144455
991
3429
10891
48
10320
9997
1734
1036
4173
990
57822
5743
9833
7083
51514
50487
2537
9422
2327
5971
79762
5348
151473
4582
4597
597
5655
1410
29128
963
3055
8851
22885
2706
911
5569
6477
79960
3394
8322
2247
3937
5294
63940
57475
4477
81671
2330
6652
3957
4067
9014
2207
3269
55872
4199
367
1528
7272
29923
5618
5427
5880
6352
9636
55187
221472
55902
57136
8644
9517
92840
3587
57118
3854
22974
6016
9258
10721
79589
1075
53832
2239
6790
23635
8800
347
6307
26061
9133
7004
56169
5570
2769
1794
3936
230
83595
79365
7447
57104
79887
7038
3566
64098
2690
594
1830
2296
3853
94274
5318
8581
5099
27071
5265
85415
5328
55803
140733
51393
3659
8013
8986
8082
197257
1326
80303
23327
28999
348094
9928
57447
940
1602
6622
54504
51512
641649
1009
58488
51205
348093
130733
57465
374454
7305
51330
11031
734
84823
7915
253827
84803
144165
11004
9235
4605
23175
7078
29089
255027
126393
4128
1111
5091
154807
6398
1573
22836
116362
10486
113130
4337
3625
3595
126969
10403
3371
4751
147040
375035
9662
83699
2184
79056
2047
642273
9424
5919
84281
23710
115265
84189
57579
23080
92126
3084
8774
3430
23589
2052
128239
3070
202333
64127
22837
1894
55930
1540
26147
5188
7105
7162
6662
9955
915
284
3113
51050
51088
10125
2644
10437
54625
4277
113115
4001
57613
8470
79412
1028
7145
85377
4072
994
25912
11184
94097
26579
55706
11343
83461
51099
127544
84985
4644
55103
140707
3112
4688
55027
10351
1728
4600
9055
9212
3669
339665
283537
39
5329
3684
25805
9865
55323
8318
1160
115749
122970
10350
11068
84883
79153
8543
4329
2180
8991
10974
114907
137075
6039
5028
23526
6821
27334
10455
3689
3157
55723
81624
29108
59345
962
9590
56477
7153
472
10231
51203
399512
120425
100820829
222166
8412
2674
24145
6491
128346
57161
26298
83660
11130
3268
92745
9949
9077
57188
10636
55839
34
1235
5029
1520
3417
11065
2355
79154
55450
84632
3656
1164
5594
3601
55619
5279
2730
55785
3832
9871
8660
5742
64333
65982
7851
54498
2745
629
8651
222389
286343
115330
9020
79895
10460
133022
134147
6926
3676
56241
23406
3954
898
2524
3839
285671
3177
10205
3679
23387
3059
890
5228
9120
9452
57460
55143
2491
55701
79866
10810
79758
3431
79027
9232
5212
55858
23624
4542
8914
1870
55223
9811
4110
22904
2152
54874
27242
5481
55276
7805
1363
6249
25928
5292
7298
9683
255488
51332
3726
126823
10615
4094
137872
8659
6616
214
79090
11021
54443
90527
23185
8530
701
53905
5552
79192
55331
84501
51199
9806
376940
3759
56894
51422
6452
9700
5877
5699
8667
6890
84105
1346
56271
619279
6891
1824
374403
9111
84216
286451
4791
23321
65084
64761
10950
5778
9989
5724
8569
348235
4598
822
56994
9830
51655
25874
201161
6672
4817
23231
2764
84418
10380
23099
8490
4256
80310
54988
29899
23171
481
57464
10725
8832
8797
9770
27145
1978
6713
64866
23493
5217
84173
2018
8324
53827
123096
2053
23499
3895
23242
54852
5293
7175
81533
6273
56886
5696
27250
63929
55355
5824
1992
56127
10592
5727
387103
1290
10144
3866
53829
80144
51136
58528
7707
10379
56829
79759
1289
26355
896
128553
114880
81620
169200
1503
7357
113
51181
6309
2788
444
6038
7535
10095
79668
65985
27347
113179
4047
57706
843
55286
80824
6576
57115
6768
9953
10478
255231
5465
25966
976
587
92400
27330
26031
29914
5366
80195
715
9788
5597
6578
119391
563
6624
22881
272
7095
10225
7090
27034
993
10391
10198
596
85453
6641
51102
9961
64063
5341
6513
23708
257019
8942
2181
3131
11276
3097
5108
123
6503
80765
11322
23594
6711
5550
23235
4174
85004
10507
5551
199
27301
55638
949
10424
56243
23024
10733
4628
10135
140862
55897
55031
26037
10630
6515
5160
79713
201229
79963
284161
360
23047
91107
54970
51703
947
1843
5002
8722
9455
10742
330
9208
4615
5898
3033
29078
79974
7170
196740
4674
7128
90317
54884
124565
3643
56937
7867
9987
10611
7089
7067
10015
57148
3909
123688
2879
79092
6789
10785
59269
79682
38
84707
9554
84516
56997
55132
7026
10892
6542
51135
122060
1452
9540
1969
79888
5295
79019
54626
9848
157869
55856
11332
6199
5256
6610
377
84283
152926
80762
1263
11264
7168
326625
89796
63027
50856
1521
5494
93100
1632
5985
2114
4781
255738
83604
10538
8321
6934
3428
26018
122525
160518
114088
79158
5791
7050
10260
4338
11010
10544
5928
90522
10480
51804
115825
3667
85460
4189
1362
51691
55844
221294
116984
55159
5236
79155
25896
51109
89846
55640
124222
84749
171425
54861
114876
162655
3628
54440
10020
10654
7940
54820
1780
55357
9448
79230
23158
2523
81873
204
79139
5264
84937
126282
11187
4071
23225
5144
3422
2222
55071
90507
57007
7076
3693
84901
7743
4828
3141
7127
122769
28984
79961
23576
147906
153769
4739
1293
51123
2237
10287
94039
10409
28971
9801
85458
28992
10282
55013
84059
2256
9150
25987
728489
57639
841
25836
60489
51660
340542
84272
10458
665
2009
2593
923
29015
202018
2186
51729
2791
200942
9499
6850
55908
29127
6941
89894
25864
285440
6665
23492
405
10555
56990
8740
64756
55033
22797
5526
9223
25907
894
2041
25886
57544
10857
6642
7086
4774
127018
21
162073
9674
727910
11309
29058
387893
4794
50862
125488
26207
2935
10024
2272
9718
197259
5467
5991
57674
51227
9409
5048
83737
55328
135228
1349
55364
54859
10036
1785
57180
83943
23037
1021
55500
1266
23333
5226
113263
3176
79671
11025
131870
3321
10439
25898
57530
9249
2268
581
10221
92
1438
197131
23564
54993
823
123803
7694
401474
8519
10019
10548
54558
83857
8743
7750
143279
2182
649
84259
8165
6892
285613
5164
441549
5827
847
219844
192670
55346
7049
7166
441478
254295
83657
10097
5209
9373
5357
5092
8926
79651
10550
55707
6659
83999
10346
10870
54103
55250
159195
51069
2146
89765
64432
9470
54700
79828
4756
84987
10447
10313
4068
10628
1593
259217
137492
29087
29028
84376
4155
6988
152189
54480
55812
7084
83442
1104
51601
858
57662
83982
83452
47
317649
1382
6419
206358
10556
5315
63931
9522
7088
6605
3455
64759
135112
1729
79683
3115
7466
151742
7277
5521
9450
666
10045
125058
9308
9778
5296
81565
26135
196743
10914
9338
9728
9214
9321
54974
83593
1786
55742
83464
10189
79966
10096
56255
54566
2145
6693
152137
65997
5134
151194
686
87178
10079
10884
80709
80108
1445
26268
830
25796
100996939
1453
84437
9641
10509
65062
7027
6541
1730
1948
4000
166647
4668
488
10072
4430
84617
84861
2308
54800
81558
5906
10681
112
55142
64780
84836
3712
159371
3833
64420
2157
5537
2000
2885
120
23082
3488
1831
4855
83692
3570
9404
91687
11091
338382
94103
2131
9474
2177
26090
23253
23142
54675
7351
23151
219749
705
6574
8880
23433
91300
56986
65989
79746
1291
657
5738
8975
4524
56889
6391
54503
51015
84876
3925
439921
1203
23078
55281
1891
84885
23301
8566
150465
57451
2618
11034
3987
83882
157697
23345
4548
389058
5371
90627
79947
5095
9601
10061
23234
79650
252839
56122
10949
8766
348995
23223
3965
28996
27436
5037
56969
4175
84266
3192
27341
26471
6405
8228
126133
6533
3838
57150
55915
6443
55236
9076
51312
94081
23177
8425
391
8665
56922
10243
22982
4190
4082
55859
9635
3071
291
11056
54494
79172
57085
64782
114926
55285
7360
55174
4259
84268
4055
6385
8717
6002
7957
57630
8438
900
142910
1523
8905
81608
142678
7745
10123
4673
11177
91689
56943
64768
10677
8649
1955
51074
1629
10529
393
6640
2289
51291
64785
22990
7182
7789
26130
55212
22849
51303
9581
3155
9088
23265
54839
255189
1768
1756
3184
203260
6487
4616
409
25953
93134
159013
1956
51466
3772
55697
80028
4152
80777
55177
64137
26255
3093
55911
4799
114883
56907
51552
84078
81888
28968
7334
22870
23207
11041
80119
51322
3338
57539
128
3149
6432
84263
10908
11169
56261
5257
7029
146223
79635
4145
10923
10771
83706
84303
4636
6272
7167
11035
5610
9735
199777
7799
85012
63876
5873
23765
4040
9
57542
128977
55743
79939
27018
84912
25979
6210
9804
29
50809
23408
57711
9649
23462
55347
23199
51390
386724
157922
5136
6868
11261
64856
7454
153222
84296
92799
28970
7706
93436
1738
113246
55437
7132
84545
9360
26119
51011
8848
5036
10212
29068
5790
64219
7172
3675
51599
115294
5338
145864
27165
10051
396
80331
54554
9960
84681
93594
11336
9520
3607
2109
54517
57107
6461
55824
55900
51095
56731
84168
9766
5905
55314
857
6297
8760
122953
64743
27075
55239
27130
10312
51090
7905
54819
57515
144245
349565
5686
145482
25901
50619
6737
79792
10944
79707
414328
25875
8837
26472
5204
10795
23435
59343
8443
2896
27
51566
162417
84250
5860
54952
51172
10284
80790
23446
3419
124152
9592
5912
788
84060
57154
152006
388610
10491
4089
55116
2683
84498
5500
5915
57546
81559
9918
148423
55186
131566
283991
55973
64423
5993
51077
5326
201562
152815
57337
124540
5250
23753
9124
55814
23362
55074
8635
25825
84124
129563
158586
25813
10410
54893
5424
200895
51531
51315
65056
4218
55937
1915
84661
9904
7561
55589
7074
23479
64786
8648
8479
11198
51619
53349
11142
23649
5062
64172
972
64858
57573
5373
23451
55238
1841
285282
6472
51263
55425
8407
55135
4801
57647
9465
55366
283989
1314
7580
11057
10236
4676
23276
154467
219771
57089
23229
3265
90459
6118
199870
6453
79582
26034
1655
160418
83605
4697
143884
10011
3191
4172
93323
57162
25946
54205
27247
123016
11159
63897
10910
670
9991
55466
90634
9825
4478
1797
126119
79705
9985
7329
5495
51246
578
160
26022
57178
84678
63875
11160
5203
9462
57128
10581
79980
9397
4150
92579
1350
90850
9282
374986
57559
9867
5774
2495
5515
5862
51024
113612
51704
966
4627
51310
400073
4724
83940
54920
9454
80317
57798
4839
4242
79180
2870
9846
55274
6879
55788
224
84807
1153
55213
1152
51209
6596
311
54101
124446
595
4125
57504
55727
55144
84265
4289
23338
407977
2319
9156
5129
10668
388969
26262
80110
953
1798
400
5214
7266
157567
23741
79692
19
126374
56131
10325
6938
5522
474170
1666
219988
27229
84126
10171
1200
9446
64112
9604
51062
2060
10201
64421
84859
51115
84340
200014
114789
103
23189
23731
9759
1892
54664
5581
222068
10393
28973
8458
55959
1265
9818
7443
10813
1616
5939
5045
4139
8801
538
11237
282969
55740
8050
9898
284309
473
6271
118987
339324
9261
3301
7013
79745
85457
23403
81555
80210
139231
51449
83478
26058
2932
79132
404672
7874
7812
84892
6234
9334
55632
55658
65083
64393
57179
79065
23011
83547
79738
8763
285367
27244
3614
1945
219402
118433
57558
11017
917
91
1508
57659
196294
83743
81577
84851
284370
10385
84450
84869
3654
64328
135154
119504
79685
5562
7189
23597
91369
9852
84950
50865
23522
27141
4170
7325
5074
3068
57418
3673
90624
5437
51218
51474
3920
93210
374882
1676
8269
5701
51382
64852
7009
8517
9933
80381
359948
6138
51614
54876
51526
10487
9218
134728
7381
51439
8573
950
116151
1329
9117
4976
8833
4690
6598
6389
6810
7187
7402
26515
63917
134548
10128
64949
26984
253635
284131
80254
9542
25793
5768
51185
5588
5087
55819
3964
81603
4853
10606
9647
196527
10294
59342
4297
50808
5412
7410
1027
84342
5981
24140
85013
28512
54732
25915
10276
27089
26509
23
92255
5861
60509
10217
3094
285382
178
23658
8496
80817
11052
201725
284439
90693
10772
9043
10755
79726
23198
9320
11200
6595
54344
84444
5598
79798
10475
80818
6877
2632
2029
3476
427
55623
10940
7014
7094
23093
22977
56965
26528
267
23469
84148
199692
79752
6464
1017
25842
9213
3111
8570
808
5283
158293
50807
57692
8871
1355
9653
83939
26097
8087
27131
145853
7415
55020
10975
79145
9306
84231
256471
170622
4140
10397
64332
2130
210
9748
25820
54808
9406
123207
51131
4893
51309
84256
54606
23411
79038
79602
26009
9917
10137
140691
54431
51128
51377
81926
23196
5777
129787
55719
6777
80207
79068
84947
9654
9690
26088
10955
9482
55968
25963
440138
5411
6342
55014
9277
123591
10618
286140
5255
351
7073
10109
11313
23210
2810
1979
55571
6996
9588
79791
116987
6647
79174
3189
6834
10422
79872
25847
80233
10966
10492
128338
4137
6448
8602
246175
5770
9140
7158
8303
50650
1072
58517
55920
51020
5525
7185
55568
6627
9793
26502
410
55735
155061
9110
54926
51065
163486
57688
57510
8535
54432
30815
6500
64397
8878
23248
64975
1659
10569
51366
5345
9857
85476
867
55734
220988
285521
10134
6773
8480
84193
219736
60
6597
57456
9946
55909
54899
140801
55069
55754
9267
6611
7756
200845
80179
5007
51701
27248
56647
55677
4952
10898
23760
25777
23623
27090
25977
829
27429
1184
51586
3032
3704
6122
2909
60312
23048
5792
65991
6259
832
3597
26091
140901
3098
9173
55183
402055
9166
10209
54927
55652
81894
540
26136
3632
23165
79786
7389
7385
8805
25948
57343
1777
10450
51692
7284
493753
51374
6885
57380
118424
5602
6468
85437
3902
23215
83440
54878
221477
79411
27230
9767
23241
79954
11215
10766
89790
10983
79921
22934
57563
81853
10270
29123
54665
26190
85369
51009
1347
164
54676
23214
4736
130507
4087
120534
55704
161
5872
8295
10152
10262
29979
2230
57492
6165
10289
122961
124641
57827
10296
5110
116328
25771
57142
91272
4694
25824
79896
26099
865
83862
9527
23008
57820
10762
154810
128061
9868
29066
374354
6929
8776
9159
219854
10463
816
1982
22848
6164
113444
26258
9553
84902
10559
2098
25972
83941
1875
64324
8615
23588
375449
9711
65125
23112
51321
8897
5771
6728
6788
26092
29893
126375
10768
5987
54902
6152
83658
121441
11083
7920
84826
79915
23370
5155
9191
84085
56947
80213
552889
1909
2309
9600
59349
1327
3420
51164
7317
6201
9910
9878
51010
6310
582
84817
56888
255520
7342
23307
51649
5819
54883
84317
55508
114826
4678
84264
1105
2971
55156
55127
4713
80230
9371
23357
10392
83637
9783
6434
7323
25923
11108
51669
1353
51479
9512
83636
257101
22976
152518
8720
55290
23369
80305
5573
6643
606500
201294
51611
9045
5879
6218
924
124808
483
6160
6194
6132
80208
56941
27246
9128
29121
118460
90268
23399
6193
11342
26000
960
79646
2521
22930
10513
80314
57533
6125
11224
26121
253943
5607
6135
6136
607
55164
55756
9673
23261
3646
6156
120526
146542
5910
55254
56890
4666
23168
55486
6051
27030
57092
51386
27335
23673
91875
6169
55327
25949
50615
662
55653
92610
113000
114900
64284
5432
65251
2017
6230
8562
728492
6208
6919
6233
112840
11338
6159
3861
9611
6161
1995
65065
6146
6155
51343
284358
9802
6141
26778
285989
54764
286046
81790
55626
6228
2675
23633
6229
8828
6720
6470
6129
6147
6881
7727
5089
4345
5031
6171
3688
5826
6232
79648
79364
375748
958
