2173
3576
3290
83401
338785
7018
57016
163782
341
374918
55711
3952
55825
685
5266
4257
256076
64102
6296
56649
247
8638
2203
63924
3868
9021
2354
339105
641371
6563
57678
84649
3932
5646
9787
2353
7130
79827
5446
2194
9073
11226
6319
4939
79413
7704
6854
5275
1880
64084
2104
64108
8601
85329
3038
152831
283897
1062
1033
8061
139065
6347
24137
10468
3702
57484
9595
11001
84466
94240
1890
79152
8728
81610
4246
23284
699
55388
4940
4318
4938
54978
401546
7051
11112
9319
57214
23205
9582
2359
1776
2123
55686
4826
57405
3158
55165
3638
10112
8622
10461
4084
60481
50852
146894
22866
3034
11339
27346
6772
7941
57619
101
4288
9570
83886
6097
1803
241
3001
256236
2305
10462
3665
85477
32
2161
6367
152015
10449
794
7056
10082
54149
891
10647
27074
4069
157313
11151
4050
4306
5463
983
55026
64005
8111
1043
5313
9262
4599
119548
948
1001
10580
10062
332
55108
2273
283459
348
51154
83666
84152
216
9796
1063
286887
116238
54552
6363
1717
5645
144455
991
3429
10891
48
10320
9997
1734
1036
4173
990
57822
5743
9833
7083
51514
50487
2537
9422
2327
5971
79762
5348
151473
4582
4597
597
5655
1410
29128
963
3055
8851
22885
2706
911
5569
6477
79960
3394
8322
2247
3937
5294
63940
57475
4477
81671
2330
6652
3957
4067
9014
2207
3269
55872
4199
367
1528
7272
29923
5618
5427
5880
6352
9636
55187
221472
55902
57136
8644
9517
92840
3587
57118
3854
22974
6016
9258
10721
79589
1075
53832
2239
6790
23635
8800
347
6307
26061
9133
7004
56169
5570
2769
1794
3936
230
83595
79365
7447
57104
79887
7038
3566
64098
2690
594
1830
2296
3853
94274
5318
8581
5099
27071
5265
85415
5328
55803
140733
51393
3659
8013
8986
8082
197257
1326
80303
23327
28999
348094
9928
57447
940
1602
6622
54504
51512
641649
1009
58488
51205
348093
130733
57465
374454
7305
51330
11031
734
84823
7915
253827
84803
144165
11004
9235
4605
23175
7078
29089
255027
126393
4128
1111
5091
154807
6398
1573
22836
116362
10486
113130
4337
3625
3595
126969
10403
3371
4751
147040
375035
9662
83699
2184
79056
2047
642273
9424
5919
84281
23710
115265
84189
57579
23080
92126
3084
8774
3430
23589
2052
128239
3070
202333
64127
22837
1894
55930
1540
26147
5188
7105
7162
6662
9955
915
284
3113
51050
51088
10125
2644
10437
54625
4277
113115
4001
57613
8470
79412
1028
7145
85377
4072
994
25912
11184
94097
26579
55706
11343
83461
51099
127544
84985
4644
55103
140707
3112
4688
55027
10351
1728
4600
9055
9212
3669
339665
283537
39
5329
3684
25805
9865
55323
8318
1160
115749
122970
10350
11068
84883
79153
8543
4329
2180
8991
10974
114907
137075
6039
5028
23526
6821
27334
10455
3689
3157
55723
81624
29108
59345
962
9590
56477
7153
472
10231
51203
399512
120425
100820829
222166
8412
2674
24145
6491
128346
57161
26298
83660
11130
3268
92745
9949
9077
57188
10636
55839
34
1235
5029
1520
3417
11065
2355
79154
55450
84632
3656
1164
5594
3601
55619
5279
2730
55785
3832
9871
8660
5742
64333
65982
7851
54498
2745
629
8651
222389
286343
115330
9020
79895
10460
133022
134147
6926
3676
56241
23406
3954
898
2524
3839
285671
3177
10205
3679
23387
3059
890
5228
9120
9452
57460
55143
2491
55701
79866
10810
79758
3431
79027
9232
5212
55858
23624
4542
8914
1870
55223
9811
4110
22904
2152
54874
27242
5481
55276
7805
1363
6249
25928
5292
7298
9683
255488
51332
3726
126823
10615
4094
137872
8659
6616
214
79090
11021
54443
90527
23185
8530
701
53905
5552
79192
55331
84501
51199
9806
376940
3759
56894
51422
6452
9700
5877
5699
8667
6890
84105
1346
56271
619279
6891
1824
374403
9111
84216
286451
4791
23321
65084
64761
10950
5778
9989
5724
8569
348235
4598
822
56994
9830
51655
25874
201161
6672
4817
23231
2764
84418
10380
23099
8490
4256
80310
54988
29899
23171
481
57464
10725
8832
8797
9770
27145
1978
6713
64866
23493
5217
84173
2018
8324
53827
123096
2053
23499
3895
23242
54852
5293
7175
81533
6273
56886
5696
27250
63929
55355
5824
1992
56127
10592
5727
387103
1290
10144
3866
53829
80144
51136
58528
7707
10379
56829
79759
1289
26355
896
128553
114880
81620
169200
1503
7357
113
51181
6309
2788
444
6038
7535
10095
79668
65985
27347
113179
4047
57706
843
55286
80824
6576
57115
6768
9953
10478
255231
5465
25966
976
587
92400
27330
26031
29914
5366
80195
715
9788
5597
6578
119391
563
6624
22881
272
7095
10225
7090
27034
993
10391
10198
596
85453
6641
51102
9961
64063
5341
6513
23708
257019
8942
2181
3131
11276
3097
5108
123
6503
80765
11322
23594
6711
5550
23235
4174
85004
10507
5551
199
27301
55638
949
10424
56243
23024
10733
4628
10135
140862
55897
55031
26037
10630
6515
5160
79713
201229
79963
284161
360
23047
91107
54970
51703
947
1843
5002
8722
9455
10742
330
9208
4615
5898
3033
29078
79974
7170
196740
4674
7128
90317
54884
124565
3643
56937
7867
9987
10611
7089
7067
10015
57148
3909
123688
2879
79092
6789
10785
59269
79682
38
84707
9554
84516
56997
55132
7026
10892
6542
51135
122060
1452
9540
1969
79888
5295
79019
54626
9848
157869
55856
11332
6199
5256
6610
377
84283
152926
80762
1263
11264
7168
326625
89796
63027
50856
1521
5494
93100
1632
5985
2114
4781
255738
83604
10538
8321
6934
3428
26018
122525
160518
114088
79158
5791
7050
10260
4338
11010
10544
5928
90522
10480
51804
115825
3667
85460
4189
1362
51691
55844
221294
116984
55159
5236
79155
25896
51109
89846
55640
124222
84749
171425
54861
114876
162655
3628
54440
10020
10654
7940
54820
1780
55357
9448
79230
23158
2523
81873
204
79139
5264
84937
126282
11187
4071
23225
5144
3422
2222
55071
90507
57007
7076
3693
