2173
3576
3290
83401
338785
7018
163782
341
374918
55711
3952
55825
685
5266
4257
256076
64102
6296
56649
247
8638
2203
63924
9021
2354
339105
6563
57678
84649
3932
5646
9787
2353
7130
79827
5446
2194
9073
11226
6319
4939
79413
7704
6854
5275
1880
64084
2104
64108
8601
85329
3038
152831
283897
1062
1033
8061
139065
6347
24137
10468
3702
57484
9595
11001
84466
94240
1890
79152
8728
81610
4246
23284
699
55388
4940
4318
4938
54978
401546
7051
11112
9319
57214
23205
9582
2359
1776
2123
55686
4826
57405
3158
55165
3638
10112
8622
10461
4084
60481
50852
146894
22866
3034
11339
27346
6772
7941
57619
101
4288
9570
83886
6097
1803
241
3001
256236
2305
10462
3665
85477
32
2161
6367
794
7056
10082
54149
891
10647
27074
4069
157313
11151
4050
4306
5463
983
55026
64005
8111
1043
5313
9262
4599
119548
948
1001
10580
10062
332
55108
2273
283459
348
51154
83666
84152
216
9796
1063
286887
116238
54552
6363
1717
5645
144455
991
3429
10891
48
10320
9997
1734
1036
4173
990
57822
5743
9833
7083
51514
50487
2537
9422
2327
5971
79762
5348
151473
4582
4597
597
5655
1410
963
3055
8851
22885
2706
911
5569
6477
79960
3394
8322
2247
3937
5294
63940
57475
4477
81671
2330
3957
4067
9014
2207
3269
55872
4199
367
1528
7272
29923
5618
5427
5880
6352
9636
55187
221472
55902
57136
8644
9517
92840
3587
57118
3854
22974
6016
9258
10721
79589
1075
53832
2239
