7130
6347
6279
6675
3371
1514
10135
23516
4499
5552
2212
5270
50856
4837
26585
9188
963
6648
6515
161742
4502
4860
9510
6363
3853
10797
23212
10875
84916
9221
6574
4069
30061
23460
55003
5328
4609
2182
54517
8140
4688
1880
3838
4839
9334
1503
10808
7076
51388
24145
6507
9595
6398
1848
3566
3091
51154
56902
2114
3428
23560
5341
10350
1001
10885
81929
1992
4953
6280
10437
7538
284098
83732
3936
6723
5292
7358
10468
6059
3554
83716
7805
4495
1662
1830
255394
5352
2215
9173
55226
128346
87178
55720
3866
84135
64116
25801
3309
10056
947
7056
56169
83666
8884
5507
55127
79954
4067
6774
4783
9021
55646
55759
10576
3659
58477
12
10221
4478
84154
6563
87
84790
10769
84319
26354
2173
84946
152579
9933
3949
8602
654364
84549
2935
79711
113251
29889
153443
54865
3419
9533
22948
6632
9975
4144
6446
3329
868
3182
10061
3937
10525
64318
5880
705
22803
54663
3251
5902
57103
10813
8503
256076
262
3301
8875
4790
2040
3055
5743
9775
3868
23760
10205
366
708
84172
120
4552
5036
65260
161291
9497
1536
23082
10963
134430
7037
1958
5901
929
10146
3689
2877
908
127544
7150
6432
23780
51726
113791
976
79892
1075
81617
27292
5771
390
9516
1965
9816
8886
8882
23590
119548
23086
10197
29078
9128
5832
25928
2207
10606
1831
10189
51491
55813
27436
5631
83699
65083
2273
9891
240
94134
9201
3726
3455
3791
760
1105
2023
8843
9100
54888
55341
1520
91607
25940
27
3308
5791
5873
84365
901
2683
54800
1601
9689
1026
29015
8607
7965
26959
11031
23223
2618
25902
1545
2643
11222
2810
6238
5165
56261
241
28969
9688
2752
1983
10891
10162
9481
7532
84298
4691
360
3185
5164
64798
55153
9343
9669
60
4200
23092
84617
92856
120425
51018
5954
79077
7791
57493
84259
10574
55299
22919
7327
2992
7305
488
152007
23179
55818
5305
64425
23214
57510
10440
84955
481
4084
115294
7127
3939
10371
5707
148867
55052
2213
84803
3313
6541
5329
219972
10269
1660
376940
10785
8669
4430
26286
379
4928
4001
2487
60559
54700
114907
26872
10260
5937
83604
51170
1282
55164
10626
57730
5062
583
51050
3320
7102
5836
80218
2769
154141
51118
152503
23404
4074
23306
9258
92196
11010
26471
9948
3608
6428
79084
2553
9590
57532
11151
50807
85476
3276
8662
7803
55640
84919
57169
51465
4493
8863
3059
10095
11171
6768
10483
142
143662
3836
9535
10383
5464
5717
3269
7357
7360
4071
54552
23076
545
4615
51444
54606
153222
96764
10531
8322
10226
4682
7171
84128
158
7157
80273
471
22868
57018
55276
10950
79101
7071
1052
4170
10514
1147
10973
6836
26207
3576
56647
23345
6884
330
5265
10128
1577
80018
26137
23065
27250
10799
8767
5175
23635
204
3684
103
8553
55858
4683
8654
112840
6418
2355
9972
5288
50999
4616
57480
84290
7126
664
26155
3673
10940
3628
57182
8490
114327
1981
246
55622
94241
4600
25891
4686
10419
3837
23511
26995
10915
9277
3954
10392
55332
6713
6628
26123
613
51056
54680
83743
57050
5591
4354
51312
92689
91653
7289
285381
5684
5226
6282
4926
10130
55041
1019
27244
10196
7494
10575
7132
9111
3267
80176
51330
6578
4501
5738
3326
5686
7533
8301
55239
9989
10237
11279
10946
23481
11137
9261
57003
2113
5373
2330
123879
6520
114789
83857
10581
2521
65265
4927
10432
9124
64121
30001
85004
23588
3131
10985
4247
55735
578
4627
9790
4076
153339
51645
83706
11177
3915
286410
6197
55621
526
10625
23450
1434
5420
23362
396
54205
6421
9747
7414
7019
150465
5306
29994
63892
25897
5087
55308
10131
56919
81671
64332
7372
5876
55035
23
9646
53829
8829
216
5704
6772
55536
60528
55074
837
7145
81614
93487
9526
55251
54881
3603
865
9818
1265
171568
79134
53981
8795
8861
3459
5691
6434
5327
9589
10171
6890
54534
9572
6503
11080
157506
201895
92935
51095
25929
29995
10090
11196
2288
51194
8853
8835
1072
29080
9935
11226
665
9136
200081
79707
121227
56943
10236
84961
201626
1628
3843
124801
23461
10059
3676
56993
6731
57088
3460
960
71
55573
51185
6542
10492
57658
10213
28978
3609
9324
8668
79691
26586
11309
10200
3097
56886
1786
2145
8880
10628
29090
65065
492311
29842
10105
11260
8204
2887
81037
170506
8520
6095
6925
1154
4055
728609
25896
30968
143686
9601
388403
57089
2395
23321
8942
10598
7704
123803
9821
5718
1874
55781
166929
476
1964
6741
10630
6038
90007
51434
55163
811
257364
8624
57514
55236
65018
3692
5212
80135
23507
10897
197259
7529
9114
23348
5597
7184
9452
64651
84640
10211
6637
57129
55915
54861
9592
7078
54622
1647
7170
1266
6832
3557
27166
28987
5690
23673
966
3839
55161
2131
9219
51302
2967
9631
5437
23185
7105
6782
57727
2107
54625
6749
1508
23215
9725
1665
84189
57037
9702
54102
55331
6431
54984
64328
3903
51593
11140
474170
65244
51371
81892
8661
128
54558
387338
4628
211
51103
4542
490
55854
7422
6920
7168
56674
2202
30844
57522
10096
55619
54617
135228
440
60488
8243
23279
6397
50489
29927
7086
9570
6776
140885
26099
32
10656
81688
22916
6426
55758
54187
10153
3572
409
9373
51075
134637
4670
64422
1974
27309
51428
27161
7090
8533
55599
112495
57185
27341
7280
6934
26517
26156
10487
84056
25932
23405
51338
9868
7334
51474
1410
4869
6482
10772
192670
9987
112970
1407
55706
7866
79017
4496
28970
468
9690
92745
2770
51246
10794
23633
51703
102157402
1737
22978
1654
51510
9073
9097
112487
378
22904
11218
221443
7067
10480
10402
6734
1436
55366
27044
9057
10486
8732
56413
84181
51633
3563
93436
10916
57062
22834
31
4292
23469
114883
91694
83593
3397
857
23198
3597
55013
57446
533
1975
1009
79139
387763
1104
2289
1678
5230
9315
51651
525
8676
4522
7415
64645
2317
7128
22821
55353
51755
4234
220441
8991
56929
657
134510
90459
53339
6891
8531
23353
1027
8324
8872
80179
8737
9761
5886
79939
22849
9766
5696
51128
51126
191
11321
57447
83480
7290
4784
29068
80856
9275
8569
55748
23522
8728
64983
55636
127018
5926
79647
246243
23112
4706
51260
154043
10890
9531
27339
22990
115908
7323
7049
6184
3431
1497
4820
58478
84910
80335
220
26135
5496
5216
8943
57511
9208
146433
29956
10952
55667
26043
11112
23277
1195
3987
3678
6873
6575
93986
22827
84959
55450
56922
1849
84164
10155
3703
9125
501
10140
4297
4781
51026
1655
80301
405
57161
27242
51363
11338
25901
55884
117246
10409
51258
26064
2022
29940
9538
5565
55140
10856
4792
483
54968
3693
65062
64216
57696
4774
128869
1452
2193
11329
9252
9536
5156
4175
667
391059
55661
11108
5356
8539
3304
79053
57688
6793
4038
3840
6850
6595
66036
55204
9218
6722
4303
10212
3579
54741
11275
84248
1112
56882
10953
25926
550
9014
894
6341
8473
22926
9861
55131
25917
162073
55677
10425
55666
5709
11198
64768
1525
54793
9984
4756
472
5756
10726
3476
23406
10158
116150
25814
55284
388533
10493
23283
7296
5027
7940
24140
122525
5214
83892
256364
84159
9730
54799
7029
57153
129401
9144
51001
6629
1398
10923
5694
51649
6607
2034
55283
5908
7402
66002
55651
22822
8492
2590
54765
4809
6868
29967
9898
79609
10539
84306
2762
51309
9249
54915
1910
3516
56910
5119
64400
26277
3615
25921
57122
388815
54518
7584
2001
80232
55703
51129
3184
10694
55847
2181
84524
7867
4216
19
197131
3192
26784
26953
51081
55039
4124
112616
1994
9716
5550
122809
54982
5447
9092
790
9871
2867
23165
27257
9262
1802
56942
9643
5515
57035
10482
2120
9961
54902
2012
7520
57337
3454
1901
55062
7307
285855
89796
3396
5654
55768
9213
84844
58191
1537
26258
397
8894
65264
10621
5685
5621
26094
10102
143458
26819
5229
84765
29095
10175
8874
51629
56829
201229
10217
7706
11021
6183
2271
10000
79961
5093
301
23731
2885
9653
109
10436
65084
89894
25984
81704
63901
9489
53838
4668
283489
1540
59271
205564
3028
8869
65005
80332
6249
58517
93621
10974
55571
84236
9410
5899
55788
9575
22863
2268
23788
23480
10989
22856
9797
57568
9733
4258
3713
1643
81855
22836
84912
60496
10949
5612
10988
203068
127253
10294
27241
116461
64118
5971
88745
54838
2052
55505
116159
7266
6472
5469
219988
26574
1213
161424
143
3883
9836
5514
222166
8892
6198
145389
738
56983
11015
5734
4323
4704
8815
2787
2835
2475
4864
594
7284
55186
10579
114897
26003
121642
1729
84942
83440
5682
5784
51747
5939
57570
51226
3570
2805
3190
9938
55198
54918
9946
27097
23207
3772
79718
116138
23180
55254
1982
55830
27173
3098
399979
81502
113829
11047
56474
79731
23164
84641
79709
1431
51062
64924
5393
23576
81887
5982
619279
11179
81542
6046
2079
473
51447
9322
8883
8833
9791
7750
5719
10285
25977
10420
5090
9141
5970
23555
163859
7187
902
90634
23231
4967
6780
25853
122786
79675
4211
4259
54815
9557
9107
10623
9276
55827
1017
55803
51808
26269
23024
377
4047
51186
10342
5683
5576
9320
10491
55322
84881
6102
1635
7351
59269
3930
79009
56271
3385
57583
9020
128240
55628
7534
56975
51449
10209
3178
7433
8317
6711
8458
11025
57150
24138
55139
646
3148
51318
10257
54495
56655
10775
10133
830
11128
10318
2821
51663
339175
79039
55697
8774
51719
54556
8727
2791
5713
10589
7874
7697
51073
84898
26136
10443
94056
22820
56052
81873
9774
22950
6185
64761
3980
84868
49855
23266
5757
7764
23303
55172
26298
5266
199
10728
144402
1455
84693
51167
133746
9522
7705
942
7644
5430
96459
55296
6342
49854
7574
6636
119559
55234
55183
162967
54931
5238
6386
4673
27230
5934
55850
8467
57533
23580
10123
23379
9793
284996
79876
292
23102
2948
6635
54828
5861
23167
22906
79038
51068
57659
253943
25875
9908
84967
4306
7763
55173
372
6688
3181
1659
5028
5878
8760
8417
22796
27183
51569
65220
10097
3913
58505
3339
84233
328
86
8813
91408
7531
11014
9419
285195
7004
51136
54468
1653
85365
9470
79143
6451
54499
85019
57099
8454
7156
25948
140809
54883
8797
124808
83877
5782
83460
1839
80267
160760
54541
54482
55027
11056
54867
29074
4329
54471
10870
5376
8036
11164
64895
5987
1622
54732
169714
29101
5029
54498
5701
4249
5315
3725
1466
2926
55750
22818
10455
284018
4520
83734
55930
25852
2773
10459
9037
10277
7879
55740
57647
3895
4775
25998
839
5467
51096
27131
56257
79710
4734
79895
7465
9448
840
55142
126321
85403
23248
23032
80205
9904
118987
4012
5471
958
160851
84516
2737
8480
79828
83448
3909
2195
79026
10959
596
3066
3925
4893
5528
55968
51701
126308
1138
84444
2804
1967
2908
10400
6905
25819
10607
59345
151188
154796
57095
51497
199857
11156
8073
23235
439921
81846
9414
54956
51021
27348
22907
2909
5817
113246
90407
11319
369
79679
29886
4140
6597
4008
829
5634
2010
4090
26284
6232
4172
79183
2665
5607
10011
54432
5152
57639
1263
55174
79693
51088
5095
950
10067
28977
83464
25855
155038
1396
64794
51626
8260
9683
8808
6730
220988
55696
4791
178
80279
6449
11101
84300
55608
6631
5922
2963
151473
9308
5130
2186
54764
23339
84312
10914
26018
91300
57162
57645
5805
6745
9512
9397
1209
79003
23064
58499
57130
81894
5770
79180
55327
113419
5777
3176
6272
84817
5516
51550
4126
9416
375
56670
8824
1438
5912
3704
80221
5705
4862
54957
11328
22936
400506
10469
10272
23093
11340
2621
5822
22908
3092
1890
7027
10447
29883
80746
23203
11345
54516
10600
4642
26260
29979
23085
5932
10594
79022
253558
847
3607
22934
9780
7748
51439
113444
29777
10018
2730
11119
10243
55313
64782
114034
23545
8555
