7130
6347
6279
6675
3371
1514
10135
23516
4499
5552
2212
5270
50856
4837
26585
9188
963
6648
161742
4502
4860
9510
6363
3853
10797
23212
10875
84916
9221
6574
4069
30061
23460
55003
5328
4609
2182
54517
8140
4688
1880
4839
9334
1503
10808
7076
51388
24145
6507
9595
6398
1848
3566
3091
51154
56902
2114
3428
23560
5341
10350
1001
10885
81929
1992
4953
6280
10437
7538
284098
83732
3936
6723
5292
7358
10468
6059
3554
83716
7805
4495
1662
1830
255394
5352
2215
9173
55226
128346
87178
55720
3866
84135
64116
25801
3309
10056
947
7056
56169
83666
8884
5507
55127
79954
4067
6774
4783
9021
55646
55759
10576
3659
58477
12
10221
4478
84154
6563
87
84790
10769
84319
26354
2173
84946
152579
9933
3949
8602
84549
2935
79711
113251
29889
153443
54865
3419
9533
22948
6632
9975
4144
6446
3329
868
3182
10061
3937
10525
64318
5880
705
22803
54663
3251
5902
57103
10813
8503
256076
262
3301
8875
4790
2040
3055
5743
9775
23760
10205
366
708
84172
120
4552
5036
65260
161291
9497
1536
23082
10963
134430
7037
1958
5901
929
10146
3689
2877
908
127544
7150
6432
23780
51726
113791
976
79892
1075
81617
27292
5771
390
9516
1965
9816
8886
8882
23590
119548
23086
10197
29078
9128
5832
25928
2207
10606
1831
10189
51491
55813
27436
5631
83699
65083
2273
9891
240
94134
9201
3726
3455
3791
760
1105
2023
9100
54888
55341
1520
91607
25940
27
3308
5791
5873
84365
901
2683
54800
1601
1026
29015
8607
7965
26959
11031
23223
2618
25902
1545
2643
11222
2810
6238
5165
56261
241
28969
9688
2752
1983
10891
10162
9481
7532
4691
360
3185
5164
64798
55153
9343
9669
60
4200
23092
84617
92856
120425
51018
79077
7791
57493
84259
10574
55299
22919
7327
2992
7305
488
152007
23179
55818
5305
64425
23214
57510
10440
84955
481
4084
115294
7127
3939
10371
5707
148867
55052
2213
84803
3313
6541
5329
219972
10269
1660
376940
10785
8669
4430
26286
379
4928
4001
2487
60559
54700
114907
26872
10260
5937
83604
51170
1282
55164
5062
583
51050
3320
7102
5836
80218
2769
154141
51118
152503
23404
4074
23306
9258
92196
11010
26471
9948
3608
6428
79084
2553
9590
57532
11151
50807
85476
3276
8662
7803
55640
84919
57169
51465
4493
8863
3059
10095
11171
6768
10483
142
143662
3836
9535
10383
5464
5717
3269
7357
7360
4071
54552
23076
545
4615
51444
54606
153222
96764
10531
8322
10226
4682
7171
84128
158
7157
80273
471
22868
57018
55276
10950
79101
7071
1052
4170
10514
1147
10973
6836
26207
3576
56647
23345
6884
330
5265
10128
1577
80018
26137
23065
27250
10799
8767
5175
23635
204
3684
103
8553
55858
4683
8654
112840
6418
2355
9972
5288
50999
4616
57480
84290
7126
26155
3673
10940
3628
57182
8490
114327
1981
246
55622
94241
4600
25891
4686
10419
3837
23511
26995
10915
9277
3954
10392
55332
6713
6628
26123
613
51056
54680
83743
57050
5591
4354
51312
92689
91653
7289
285381
5684
5226
6282
4926
10130
55041
1019
27244
10196
7494
10575
7132
9111
3267
80176
51330
6578
4501
5738
3326
5686
7533
8301
55239
9989
10237
11279
10946
23481
11137
9261
57003
2113
5373
2330
123879
6520
114789
83857
10581
2521
65265
4927
10432
9124
64121
30001
85004
23588
3131
10985
4247
55735
578
4627
9790
4076
153339
51645
83706
11177
3915
286410
6197
55621
526
10625
23450
1434
5420
23362
396
54205
6421
7414
7019
150465
