7130
6347
6279
6675
3371
1514
10135
23516
4499
5552
2212
5270
50856
4837
26585
9188
963
6648
161742
4502
4860
9510
6363
3853
10797
23212
10875
84916
9221
6574
4069
30061
23460
55003
5328
4609
2182
54517
8140
4688
1880
4839
9334
1503
10808
7076
51388
24145
6507
9595
6398
1848
3566
3091
51154
56902
2114
3428
23560
5341
10350
1001
10885
81929
1992
4953
6280
10437
7538
284098
83732
3936
6723
5292
7358
10468
6059
3554
83716
7805
4495
1662
1830
255394
5352
2215
9173
55226
128346
87178
55720
3866
84135
64116
25801
3309
10056
947
7056
56169
83666
8884
5507
55127
79954
4067
6774
4783
9021
55646
55759
10576
3659
58477
12
10221
4478
84154
6563
87
84790
10769
84319
26354
2173
84946
152579
9933
3949
8602
84549
2935
79711
113251
29889
153443
54865
3419
9533
22948
6632
9975
4144
6446
3329
868
3182
10061
3937
10525
64318
5880
705
22803
54663
3251
5902
57103
10813
8503
256076
262
3301
8875
4790
2040
3055
5743
9775
23760
10205
366
708
84172
120
4552
5036
65260
161291
9497
1536
23082
10963
134430
7037
1958
5901
929
10146
3689
2877
908
127544
7150
6432
23780
51726
113791
976
79892
1075
81617
27292
5771
390
9516
1965
9816
8886
8882
23590
119548
23086
10197
29078
9128
5832
25928
2207
10606
1831
10189
51491
55813
27436
5631
83699
65083
2273
9891
240
94134
9201
3726
3455
3791
760
1105
2023
9100
54888
55341
1520
91607
25940
27
3308
5791
5873
84365
901
2683
54800
1601
1026
29015
8607
7965
26959
11031
23223
2618
25902
1545
2643
11222
2810
6238
5165
56261
241
28969
9688
2752
1983
10891
10162
9481
7532
4691
360
3185
5164
64798
55153
9343
9669
60
4200
23092
84617
92856
120425
51018
79077
7791
57493
84259
10574
55299
22919
7327
2992
7305
488
152007
23179
55818
5305
64425
23214
57510
10440
84955
481
4084
115294
7127
3939
10371
5707
148867
55052
2213
84803
3313
6541
5329
219972
10269
1660
376940
10785
8669
4430
26286
379
4928
4001
2487
60559
54700
114907
26872
10260
5937
83604
51170
1282
55164
5062
583
51050
3320
7102
5836
80218
2769
154141
51118
152503
23404
4074
23306
9258
92196
11010
26471
9948
3608
6428
79084
2553
9590
57532
11151
50807
85476
3276
8662
7803
55640
84919
57169
51465
4493
8863
3059
10095
11171
6768
10483
142
143662
3836
9535
10383
5464
5717
3269
