1301
199713
245972
931
116
26279
6598
973
3627
51237
7472
168620
4477
4318
3576
5450
26586
3929
1594
4317
155465
23231
597
337880
414062
53831
1453
685
81030
5265
5329
57214
25833
51050
6518
114904
11045
27178
169792
9723
22798
717
3782
344905
374454
118663
10859
79669
22797
3669
91694
80008
1577
342574
3568
145264
6616
63928
57817
10082
94240
8875
339855
1303
3849
400120
11040
9214
5653
6840
5783
9796
2326
149628
629
23037
55283
57864
51303
221833
203100
1117
92211
6280
192683
93986
84189
51302
9435
928
10529
55503
649
2940
1536
9547
11156
7130
4068
3868
3903
119391
8796
23205
5792
29992
7941
121665
389336
57211
4057
4818
79784
54857
11025
374918
11262
4808
2215
11098
971
3586
1295
81849
3084
89790
25953
6496
25891
10207
64065
50615
2702
7138
9721
9450
23242
2941
1535
115908
55423
130576
54440
11320
388121
940
4883
145864
83850
50489
411
147920
23345
3766
11182
6352
10630
3816
29949
116372
27330
54741
56675
4781
26872
5919
4837
79094
643
341640
58495
5744
192666
2203
6530
55026
59344
81786
27255
10687
974
125981
27334
346689
5341
8728
23002
655
1573
54503
116071
221393
64764
202309
6772
81618
84525
53832
51296
11314
57530
338322
8988
114880
10863
91523
149428
23086
960
1308
3676
83879
1508
2051
5327
4050
259173
3455
4192
1875
54566
8013
929
1747
4277
66002
131578
8942
283848
667
1740
124935
9597
8651
942
22866
5742
637
64116
3371
239
9639
23224
5288
29851
124975
3001
3775
51348
54361
63970
81793
8857
2268
2625
200316
1290
1824
4016
273
9636
3055
3071
9260
58985
962
1520
114795
57188
2882
765
5778
1009
9595
29097
9223
5998
108
22806
57715
4086
375449
5136
6948
83758
152007
79589
1638
143662
26263
54551
3082
3112
9076
196446
344752
8471
2788
57016
51090
5337
80896
401546
634
2330
57142
26085
79098
460
10225
8638
3937
9481
140686
127534
53630
27068
84561
83706
5328
9955
10089
5031
222236
6002
60489
2065
2999
80018
55332
23178
60559
1823
9073
26577
23461
2176
51195
84541
3386
4345
5790
153769
2803
196264
349565
84639
909
91526
688
1289
84651
84513
3268
10068
220
3904
2359
2709
6627
135114
124359
26239
5142
4542
80210
56998
30009
9021
23452
51760
13
353132
64094
55244
1583
51061
25822
100
23643
57089
53833
80727
147700
51177
79774
23550
64098
3772
65062
51338
7454
2867
84168
6426
374403
92421
2707
57498
4939
57509
64711
54869
6515
84868
64333
80742
26509
151888
163778
402415
285848
1314
8710
10874
64175
1690
58513
4645
951
1514
10180
1287
871
266747
3111
3689
573
84659
29927
284217
92737
415117
56477
684
919
5774
388815
55268
26207
81563
80352
129049
7805
4693
3909
2752
3965
196528
10579
54477
54897
9145
4072
57475
10312
3385
3958
57639
25791
2793
6709
3384
4486
2590
389337
5551
1522
54518
4189
5074
83886
90701
113146
94234
9404
220323
3040
81846
63940
11309
4038
5831
29841
117247
29094
80301
6095
93517
10848
894
25907
4133
1284
5308
7494
26298
3059
54751
56241
55959
3678
1794
144501
2114
3902
3932
5294
112616
57152
51087
3034
10437
11031
6786
7433
8837
64754
4674
84186
54
84969
55691
341
4649
83698
240
1071
4137
79983
7021
149466
1515
10673
285761
6009
166824
8416
3131
11015
10643
255027
286887
10611
9333
7832
55304
3356
221914
51804
196374
2104
51465
7139
51703
5880
4745
101
54894
1956
84962
27293
2947
60313
4948
5699
81617
9414
151742
8996
10802
5055
64108
915
23039
26999
54482
963
26137
3659
55315
112399
145389
9314
7020
123099
57613
7053
4753
8424
10656
79713
225
6363
5175
2125
10095
91010
11213
5351
10631
128218
9806
79755
8148
157922
5352
6938
55966
8470
8877
10838
9848
5317
126014
80740
1040
2123
2669
140691
26154
595
10549
56606
9727
1580
284058
51537
2537
11151
64420
130
57549
23650
4306
5873
25818
79875
2022
89978
10428
5796
10181
6876
6503
3764
407977
27177
8928
54933
1734
91875
2053
92270
57669
84879
81706
224
65059
57706
54972
57822
57619
2124
6249
256236
121214
7043
53335
9963
89765
11099
57154
8496
9540
4430
6674
81607
90990
1944
3762
114815
51363
5753
7305
128876
695
197259
9873
124565
51225
79180
55578
85021
6652
4600
5588
54480
5354
387763
2888
5017
5803
4242
26027
56987
27327
79148
57609
1282
8909
222584
5212
285386
11184
3853
776
11057
9462
10198
148789
5768
7482
115273
56975
2796
27248
25852
245973
26470
124540
590
8874
11069
254240
51330
9745
23581
652
202333
64641
80263
10950
5376
5266
79026
12
1678
255394
10432
30008
8566
143098
83464
7536
83856
8621
56994
79139
1474
3587
6097
201475
92241
65108
5094
1041
53354
144568
3560
132014
8662
9542
170680
10609
10017
23406
7337
6397
84988
53
2201
5918
10610
6338
221692
29091
54469
2017
25984
10395
1562
3702
9510
7499
5874
112724
383
23365
57655
64762
8629
242
6482
55785
84268
338440
5271
26032
27077
26270
4285
64801
10062
6429
7704
59352
642
1207
4067
6387
84859
26508
91624
10536
2495
1002
6337
201501
64919
5618
389058
5868
30001
58477
5156
4323
917
80195
9535
389206
79682
11014
23705
27065
9060
51702
57552
149708
6238
5228
3665
3777
8451
10184
2207
84281
141
3430
2935
28968
79783
10734
79917
203328
644815
26301
56950
29883
6574
2327
23566
2585
128346
3934
8547
55633
924
6601
7137
4920
8530
54602
953
387640
10150
54346
57144
51673
50805
10451
4610
27165
55227
410
1043
6920
55279
84105
51088
3872
5607
10750
6261
51433
51334
79844
1890
84656
8832
6480
2908
6398
489
1880
9953
288
55001
80055
4008
8562
170392
55806
913
55653
51513
3635
246
9743
203547
5453
5118
29995
4802
167681
23589
23753
56935
117177
5360
4289
1952
8808
25928
9881
7301
23120
6433
1
1998
29896
90025
923
127943
5743
23284
55255
56261
5255
4070
1152
51762
79170
9871
282969
132001
10320
619279
4049
10913
84826
83715
89894
5771
6723
8732
284
2205
23516
644943
55605
23208
5915
84290
5336
5698
6752
56649
218
1748
55432
9500
3959
63827
26127
57662
920
5268
6317
152015
409
3606
146330
55680
221960
2047
160518
29121
56905
57026
79632
10870
11010
57464
126695
7351
60386
6712
23114
9455
114769
3658
197021
7504
9320
8814
2762
55788
6421
54811
6820
6854
163259
125111
8492
9938
26290
1292
10265
405
91147
11012
84649
8795
6782
55117
94081
85407
847
23225
10220
23093
199
4494
4354
2113
53637
2178
145957
151195
4651
9022
81671
1749
57722
1364
84283
843
23526
7286
5990
3437
9849
3709
91607
3566
333926
10458
79174
4618
219743
55754
9649
1075
84674
4051
10746
147686
254048
5446
66000
55214
284252
6309
1643
9173
54544
64073
2150
79977
10217
56005
2517
3043
4094
54677
3257
84959
50617
5724
23475
389289
79630
123096
4154
90853
10350
9557
5894
639
23097
55187
154091
80709
414918
8685
4953
5349
10018
63929
83657
54845
4599
23158
50856
63892
147645
5095
10079
27090
4139
633
165545
6622
3429
5747
51626
2196
10001
57488
8660
5570
153129
5784
55742
7076
85461
55062
257106
64856
57799
55620
10966
79365
11245
3670
53838
1294
8622
22802
55466
11187
8460
90411
23112
51676
8463
80205
653499
79694
23333
1978
285590
386724
79870
57406
51026
55287
132671
145226
5007
56937
10538
90273
54621
3597
9914
54861
10791
10548
348938
22809
54859
9941
5552
1438
84669
5569
7298
83648
2886
388698
9448
7879
2770
28996
83541
6747
140597
1809
4794
9570
3664
84552
2673
55070
4089
55200
284443
65220
2674
11230
9235
8481
4650
55291
80237
79047
1842
4128
57466
64783
6286
81502
284618
56061
1841
10525
92196
3897
9582
51101
129642
116844
26355
5578
9141
23382
55704
22911
911
4783
11043
6770
57657
563
10287
5993
4926
5163
57045
9738
8692
27436
2212
51806
159195
113675
4034
6785
56848
29986
10797
5733
10048
8631
4724
80258
55107
152789
30812
79659
10782
26353
89846
27338
22846
54749
5793
123591
25792
5652
8189
195814
116228
80157
7940
3854
6368
699
23239
51442
3099
23256
51606
51291
51747
163
2064
2521
10480
151194
5631
55194
57573
57661
51056
7075
63876
124220
27131
55839
6665
55095
8828
57674
4820
80162
9620
53836
9218
1960
1803
11153
11202
65065
8560
3957
54780
3280
5293
5324
57687
83666
4756
27094
9674
79801
4613
388403
79792
3778
6335
170482
1291
146691
60492
91120
10424
5737
55342
7514
56977
10461
79865
2331
3275
56886
10128
115825
50852
196383
9122
4775
148741
829
84225
54680
112611
4140
1828
5313
1277
158219
6016
253782
57198
6239
9397
10090
115703
66004
388722
79817
83930
4125
11264
6701
11068
384
57085
203062
808
152926
581
53827
145748
6347
83851
4739
11046
1741
7323
892
51393
255877
2553
79888
6745
23474
57097
79770
89944
171177
6688
5096
79191
64838
22898
10075
23230
151473
23529
2799
79852
53905
55832
2562
4931
6641
9830
6428
81552
51099
11279
55556
3601
3563
55344
2764
3770
284348
23624
5579
7922
3184
57563
154467
126410
9976
9972
8665
6670
393
79582
7223
256764
256586
79730
114327
56603
256815
55281
127435
4247
140766
8111
54957
51176
5028
8439
8540
51317
6271
148170
79848
6692
59082
10409
135138
57103
22844
10539
2222
5754
57616
388969
3394
2898
127602
54187
10274
130367
8313
55568
79815
23286
2519
2876
823
114771
11142
7049
6039
80381
256471
55741
80176
440352
60312
84253
22990
100616668
54431
200010
56925
8766
5165
10800
6319
23299
57730
140733
2760
51095
811
9962
3673
7791
3109
10981
1992
11078
123041
84259
11063
54101
54102
114881
22818
6523
64102
133
79188
3431
2768
8061
221188
7169
200634
476
23765
51361
80833
27315
92579
27040
5493
6715
84159
55640
1089
5717
79140
958
25983
57719
10695
55080
29100
51200
10351
538
57685
4668
126295
56849
2312
29946
2944
55668
9861
9440
9717
56996
5305
84967
339766
84263
114818
27145
55366
94039
26135
7185
55638
201229
22904
93099
89795
2995
391
55717
57115
1676
79001
4935
79827
26010
8153
1213
140862
7871
91
950
56169
90139
8531
3695
6667
388394
144165
348094
26268
65985
151516
6184
53829
146439
10221
367
126731
91653
25793
55331
3714
221294
3418
83941
140890
26523
7373
254295
10390
22807
162655
152831
348
580
10891
925
26499
64782
64743
8612
2782
81704
26031
29789
2043
84289
23048
4815
7216
5695
5270
6507
6850
6892
3728
64005
7464
5523
57111
2892
8507
1452
2119
5058
83987
348013
130733
23493
56681
57178
3142
55250
22837
1912
3108
5210
89796
255189
23590
201895
206358
1486
6578
627
127687
170622
79915
57134
3310
8829
6470
10567
9289
26002
3912
57492
57019
5962
7844
4485
56986
9159
9527
2067
26507
1033
283897
28976
23136
255520
204219
2744
1353
29780
79709
2395
54863
10052
10019
57162
79650
2992
990
375775
5930
2978
55251
2618
23357
2869
10519
158405
11211
1373
339761
57724
8425
3866
4499
54843
2907
10278
2887
221223
57645
79071
10459
64866
51667
10113
9823
23385
29926
286077
6256
1288
8503
79885
5522
126231
2878
7535
55973
11285
147372
79767
79000
89884
222166
23177
115992
339488
23387
6452
10135
55824
4205
114819
89849
28966
126626
3416
6303
8985
120526
65010
22902
120425
23261
201799
123920
23336
196743
23408
11179
23047
196740
9454
57124
10910
9569
1955
2581
29766
112770
2041
5592
5591
79847
56339
27
9970
2012
23635
22919
23254
22884
23780
151449
7174
65124
4047
51077
80223
56672
10257
221078
2013
84695
1466
28985
22822
8573
144110
57106
56990
51167
4234
4915
4778
1050
9466
26037
84769
6490
285368
22900
158584
79963
160897
54808
9175
79006
9246
3579
1153
8509
11092
3487
59343
5144
55536
5987
55775
3359
2651
4684
241
11216
79364
90203
9948
8490
58505
10011
1777
29015
57459
10544
5366
493
9748
64222
168850
126792
2261
92667
