1301
199713
245972
931
116
26279
6598
973
3627
51237
7472
168620
4477
4318
3576
5450
26586
3929
1594
4317
155465
23231
597
337880
414062
53831
1453
685
81030
5265
5329
57214
25833
51050
6518
114904
11045
27178
169792
9723
22798
717
3782
344905
374454
118663
10859
79669
22797
3669
91694
80008
1577
342574
3568
145264
6616
63928
57817
10082
94240
8875
339855
1303
3849
400120
11040
9214
5653
6840
5783
9796
2326
149628
629
23037
55283
57864
51303
221833
203100
1117
92211
6280
192683
93986
84189
51302
9435
928
10529
55503
649
2940
1536
9547
11156
7130
4068
3868
3903
119391
8796
23205
5792
29992
7941
121665
389336
57211
4057
4818
79784
54857
11025
374918
11262
4808
2215
11098
971
3586
1295
81849
3084
89790
25953
6496
25891
10207
64065
50615
2702
7138
9721
9450
23242
2941
1535
115908
55423
130576
54440
11320
388121
940
4883
145864
83850
50489
411
147920
23345
3766
11182
6352
10630
3816
29949
116372
27330
54741
56675
4781
26872
5919
4837
79094
643
341640
58495
5744
192666
2203
6530
55026
59344
81786
27255
10687
974
125981
27334
346689
5341
8728
23002
655
1573
54503
116071
221393
64764
202309
6772
81618
84525
53832
51296
11314
57530
338322
8988
114880
10863
91523
149428
23086
960
1308
3676
83879
1508
2051
5327
4050
259173
3455
4192
1875
54566
8013
929
1747
4277
66002
131578
8942
283848
667
1740
124935
9597
8651
942
22866
5742
637
64116
3371
239
9639
23224
5288
29851
124975
3001
3775
51348
54361
63970
81793
8857
2268
2625
200316
1290
1824
4016
273
9636
3055
3071
9260
58985
962
1520
114795
57188
2882
765
5778
1009
9595
29097
9223
5998
108
22806
57715
4086
375449
5136
6948
83758
152007
79589
1638
143662
26263
54551
3082
3112
9076
196446
344752
8471
2788
57016
51090
5337
80896
401546
634
2330
57142
26085
79098
460
10225
8638
3937
9481
140686
127534
53630
27068
84561
83706
5328
9955
10089
5031
222236
6002
60489
2065
2999
80018
55332
23178
60559
1823
9073
26577
23461
2176
51195
84541
3386
4345
5790
153769
2803
196264
349565
84639
909
91526
688
1289
84651
84513
3268
10068
220
3904
2359
2709
6627
135114
124359
26239
5142
4542
80210
56998
30009
9021
23452
51760
13
353132
64094
55244
1583
51061
25822
100
23643
57089
53833
80727
147700
51177
79774
23550
64098
3772
65062
51338
7454
2867
84168
6426
374403
92421
2707
57498
4939
57509
64711
54869
6515
84868
64333
80742
26509
151888
163778
402415
285848
1314
8710
10874
64175
1690
58513
4645
951
1514
10180
1287
871
266747
3111
3689
573
84659
29927
284217
92737
415117
56477
684
919
5774
388815
55268
26207
81563
80352
129049
7805
4693
3909
2752
3965
196528
10579
54477
54897
9145
4072
57475
10312
3385
3958
57639
25791
2793
6709
3384
4486
2590
389337
5551
1522
54518
4189
5074
83886
90701
113146
94234
9404
220323
3040
81846
63940
11309
4038
5831
29841
117247
29094
80301
6095
93517
10848
894
25907
4133
1284
5308
7494
26298
3059
54751
56241
55959
3678
1794
144501
2114
3902
3932
5294
112616
57152
51087
3034
10437
11031
6786
7433
8837
64754
4674
84186
54
84969
55691
341
4649
83698
240
1071
4137
79983
7021
149466
1515
10673
285761
6009
166824
8416
3131
11015
10643
255027
286887
10611
9333
7832
55304
3356
221914
51804
196374
2104
51465
7139
51703
5880
4745
101
54894
1956
84962
27293
2947
60313
4948
5699
81617
9414
151742
8996
10802
5055
64108
915
23039
26999
54482
963
26137
3659
55315
112399
145389
9314
7020
123099
57613
7053
4753
8424
10656
79713
225
6363
5175
2125
10095
91010
11213
5351
10631
128218
9806
79755
8148
157922
5352
6938
55966
8470
8877
10838
9848
5317
126014
80740
1040
2123
2669
140691
26154
595
10549
56606
9727
1580
284058
51537
2537
11151
64420
130
57549
23650
4306
5873
25818
79875
2022
89978
10428
5796
10181
6876
6503
3764
407977
27177
8928
54933
1734
91875
2053
92270
57669
84879
81706
224
65059
57706
54972
57822
57619
2124
6249
256236
121214
7043
53335
9963
89765
11099
57154
8496
9540
4430
6674
81607
90990
1944
3762
114815
51363
5753
7305
128876
695
197259
9873
124565
51225
79180
55578
85021
6652
4600
5588
54480
5354
387763
2888
5017
5803
4242
26027
56987
27327
79148
57609
1282
8909
222584
5212
285386
11184
3853
776
11057
9462
10198
148789
5768
7482
115273
56975
2796
27248
25852
245973
26470
124540
590
8874
11069
254240
51330
9745
23581
652
202333
64641
80263
10950
5376
5266
79026
12
1678
255394
10432
30008
8566
143098
83464
7536
83856
8621
56994
79139
1474
3587
6097
201475
92241
65108
5094
1041
53354
144568
3560
132014
8662
9542
170680
10609
10017
23406
7337
6397
84988
53
2201
5918
10610
6338
221692
29091
54469
2017
25984
10395
1562
3702
9510
7499
5874
112724
383
23365
57655
64762
8629
242
6482
55785
84268
338440
5271
26032
27077
26270
4285
64801
10062
6429
7704
59352
642
1207
4067
6387
84859
26508
91624
10536
2495
1002
6337
201501
64919
5618
389058
5868
30001
58477
5156
4323
917
80195
9535
389206
79682
11014
23705
27065
9060
51702
57552
149708
6238
5228
3665
3777
8451
10184
2207
84281
141
3430
2935
28968
79783
10734
79917
203328
644815
26301
56950
29883
6574
2327
23566
2585
128346
3934
8547
55633
924
6601
7137
4920
8530
54602
953
387640
10150
54346
57144
51673
50805
10451
4610
27165
55227
410
1043
6920
55279
84105
51088
3872
5607
10750
6261
51433
51334
79844
1890
84656
8832
6480
2908
6398
489
1880
9953
288
55001
80055
4008
8562
170392
55806
913
55653
51513
3635
246
9743
203547
5453
5118
29995
4802
167681
23589
23753
56935
117177
5360
4289
1952
8808
25928
9881
7301
23120
6433
1
1998
29896
90025
923
127943
5743
23284
55255
56261
5255
4070
1152
51762
