1301
199713
245972
931
116
26279
6598
973
3627
51237
7472
168620
4477
4318
3576
5450
26586
3929
1594
4317
155465
23231
597
337880
414062
53831
1453
685
81030
5265
5329
57214
25833
51050
6518
114904
11045
27178
169792
9723
22798
717
3782
344905
374454
118663
10859
79669
22797
3669
91694
80008
1577
342574
3568
145264
6616
63928
57817
10082
94240
8875
339855
1303
3849
400120
11040
9214
5653
6840
5783
9796
2326
149628
629
23037
55283
57864
51303
221833
203100
1117
92211
6280
192683
93986
84189
51302
9435
928
10529
55503
649
2940
1536
9547
11156
7130
4068
3903
119391
8796
23205
5792
29992
7941
121665
389336
57211
4057
4818
79784
54857
11025
374918
11262
4808
2215
11098
971
3586
1295
81849
3084
89790
25953
6496
25891
10207
64065
50615
2702
7138
9721
9450
23242
2941
1535
115908
55423
130576
54440
11320
388121
940
4883
145864
83850
50489
411
147920
23345
3766
11182
6352
10630
3816
29949
116372
27330
54741
56675
4781
26872
5919
4837
79094
643
341640
58495
5744
192666
2203
6530
55026
59344
81786
27255
10687
974
125981
27334
346689
5341
8728
23002
655
1573
54503
116071
221393
64764
202309
6772
81618
84525
53832
51296
11314
57530
338322
8988
114880
10863
91523
149428
23086
960
1308
3676
83879
1508
2051
5327
4050
259173
3455
4192
1875
54566
8013
929
1747
4277
66002
131578
8942
283848
667
1740
124935
9597
8651
942
22866
5742
637
64116
3371
239
9639
23224
5288
29851
124975
3001
3775
51348
54361
63970
