8638
8942
479
57016
3576
26085
1824
283748
6364
5275
10855
83886
5653
374918
5588
3934
6317
56300
2304
23553
6280
94240
7051
79838
163720
9118
115019
79094
416
56649
4938
55640
8601
685
5873
3290
3627
383
2525
4246
4939
9517
3772
5655
10135
84985
29949
5265
2066
3038
84659
5467
64108
8061
116844
7704
256764
9636
115749
10205
6563
1734
6523
79413
4057
1117
5326
78990
890
3158
81573
57115
597
84516
1062
83639
5874
4940
11226
1830
1839
284348
51129
2537
9787
7090
133746
55103
5327
332
85441
55803
3579
121214
7718
5266
6016
4288
6513
1033
132864
9796
5733
983
27177
7082
5317
10112
140733
3669
6772
1890
113130
25891
3868
2173
83401
6701
2940
144110
1562
375035
9997
8608
7272
2201
140686
4599
3875
5972
9712
4084
5188
84518
10403
2752
57103
22936
6790
9833
23589
84674
4477
1999
12
1052
10160
7053
9073
6774
5165
341
8412
83595
144568
60437
2524
24137
3949
157313
23348
84648
81610
64102
3665
7482
8013
26525
23120
8926
152015
54544
23284
1432
1111
26154
10762
4135
131583
641371
4430
5017
8530
83737
4306
344905
100133941
56261
3149
7803
55872
915
9690
5618
9955
51760
9319
23527
3001
699
2877
55711
118663
366
8945
55122
85458
8416
60559
26579
4582
79092
3397
55040
83850
117247
84812
8774
10802
55266
22836
384
54498
57822
6397
54819
1545
891
5194
10463
11043
898
8226
85477
3952
5724
154810
9570
4651
4067
60685
357
54957
3659
10254
23114
10228
9928
701
9641
9133
7644
3294
29781
489
26270
2355
3070
84152
2764
9723
81624
9582
1992
5877
3566
55061
2487
8111
79671
29091
9639
23205
27178
57405
2055
4600
3437
341640
83461
4860
1741
2104
2215
170680
6461
55839
50617
79000
348825
242
1594
1041
338785
26002
55026
54149
9830
79153
5875
10468
128553
22974
2305
87178
2719
9777
7855
9308
2760
5522
339665
55723
6801
144455
81620
27145
57484
150468
196743
84823
10051
28968
64127
91695
5646
130367
152926
57678
7293
2769
84448
55143
55197
139065
5825
374454
3429
8470
8851
166929
79152
66004
30001
57214
1063
51090
3713
89894
55512
7056
56986
221833
55283
79844
126410
51050
10592
64711
22866
5271
84419
9053
79230
2585
2239
51128
115265
7136
3656
402415
283219
22849
1690
27301
386724
375791
50487
120224
55975
51514
10395
401546
27351
84961
64328
262
10116
10158
64084
1635
54749
5447
6367
3157
118932
9019
4174
8731
80315
79960
338382
79852
5255
10197
7262
2997
6464
5028
144193
5551
79983
5930
10891
57706
285282
8418
5463
311
1508
10082
5354
56886
5427
25819
108
10647
4751
84189
27071
60558
57573
23279
79170
155465
79148
55165
64782
139322
2947
4644
285381
28231
22916
6709
339105
92211
637
765
9055
5099
5212
925
51251
81577
6641
5333
7283
81671
54542
5337
51087
3489
64135
5645
83667
57099
23635
7039
6820
163351
4072
6097
9425
55361
81786
5152
63924
1408
129049
30812
2161
219855
6272
65009
7139
3162
112858
283518
2995
1540
9125
687
6659
85377
56829
1978
629
8140
29927
29982
1880
26031
2706
24145
26137
8034
10742
4133
1464
59
3040
90527
55223
29950
80331
204219
29851
1571
128239
9635
257019
11264
1894
220
85415
126393
83666
7083
55706
55014
83988
51167
84803
1740
9689
79098
90411
113115
55432
10309
55222
10892
2029
10157
26504
9156
152404
26147
197259
1573
29986
9022
8710
4241
79887
126789
27161
55388
51659
8562
4012
79741
10721
140809
54978
10090
93649
5376
22904
415117
6698
2965
8843
148170
4883
112950
55500
377
23200
993
11001
57152
3796
23063
84541
11065
3625
9700
3145
2281
6340
51
1036
642273
348235
10105
3854
54
22853
55161
7089
389336
1810
54566
54859
26037
8501
10529
3932
9581
6286
1382
3853
10391
55351
4137
55034
84301
57120
5341
2539
9377
83660
112609
330
5023
5868
7447
137075
84733
79784
55323
2888
123879
7763
10125
58489
5550
10370
10518
8836
27074
7494
65059
90019
55163
22797
5034
6530
89932
84706
10615
8996
29089
57018
7727
133619
374378
114880
84904
6296
22798
3416
64288
255394
83544
2326
7334
7153
56907
11004
79365
6945
284443
11202
89890
6653
79801
1525
5366
1503
5507
54346
9985
205564
10938
4170
5898
2296
4046
1969
348938
639
3597
54933
5350
3702
7021
23039
2523
55775
10905
2175
10043
4684
133022
10350
1295
64063
6699
199221
23624
5465
10024
940
101
79730
57864
247
9982
3918
5652
54965
23474
9063
55423
962
7326
286887
11056
10491
613
8800
9353
63928
57639
146540
5329
4043
23590
55287
9
11339
65260
666
114327
57477
1048
3670
57228
246243
56969
5504
79866
83715
23387
9232
55207
7464
79074
151195
3257
8607
9765
9540
10398
134147
57673
55031
130733
222962
9941
255231
128637
51011
120
1776
23640
283377
1397
3839
54440
92737
6160
55786
23242
387103
3959
22919
10548
23098
5579
6450
27175
50489
4118
9120
3431
56971
1164
56996
4007
146223
5318
5096
2568
3783
80310
342667
80896
1396
8082
10782
7126
113251
4139
29995
26207
10512
9422
6279
272
56882
29028
53981
150696
54741
65982
9499
7368
27130
2359
147920
3957
3359
1009
348793
3034
91624
6457
2273
145226
30061
283383
2203
8028
26577
6491
1983
5603
126231
8318
254295
4915
55327
55355
26027
55186
91120
7113
94274
157922
84901
23353
79868
49855
10010
28232
3842
145864
55170
2018
23327
81617
10181
57645
5905
59082
1580
9424
154
9603
51373
25821
1001
388969
482
5991
64641
1749
6210
5167
55720
10231
113452
93134
3488
9212
4199
5348
84268
22943
57148
57154
81558
51377
23786
64078
79158
4928
810
51433
9172
4257
346689
4345
126792
347733
6732
6867
55794
55071
159013
131965
79827
10475
11213
3676
4318
79966
28971
1317
163882
114907
6416
947
51303
56241
4885
51806
84817
84669
6723
79762
197131
8879
10062
55646
2330
56935
27334
9683
79084
9246
63943
29108
5306
2674
26263
80273
1346
9953
6876
7779
