8638
8942
479
57016
3576
26085
1824
283748
6364
5275
10855
83886
5653
374918
5588
3934
6317
56300
2304
23553
6280
94240
7051
79838
163720
9118
115019
79094
416
56649
4938
55640
8601
685
5873
3290
3627
383
2525
4246
4939
9517
3772
5655
10135
84985
29949
5265
2066
3038
84659
5467
64108
8061
116844
7704
256764
9636
115749
10205
6563
1734
6523
79413
4057
1117
5326
78990
890
3158
81573
57115
597
84516
1062
83639
5874
4940
11226
1830
1839
284348
51129
2537
9787
7090
133746
55103
5327
332
85441
55803
3579
121214
7718
5266
6016
4288
6513
1033
132864
9796
5733
983
27177
7082
5317
10112
140733
3669
6772
1890
113130
25891
3868
2173
83401
6701
2940
144110
1562
375035
9997
8608
7272
2201
140686
4599
3875
5972
9712
4084
5188
84518
10403
2752
57103
22936
6790
9833
23589
84674
4477
1999
12
1052
10160
7053
9073
6774
5165
341
8412
83595
144568
60437
2524
24137
3949
157313
23348
84648
81610
64102
3665
7482
8013
26525
23120
8926
152015
54544
23284
1432
1111
26154
10762
4135
131583
641371
4430
5017
8530
83737
4306
344905
100133941
56261
3149
7803
55872
915
9690
5618
9955
51760
9319
23527
3001
699
2877
55711
118663
366
8945
55122
85458
8416
60559
26579
4582
79092
3397
55040
83850
117247
84812
8774
10802
55266
22836
384
54498
57822
6397
54819
1545
891
5194
10463
11043
898
8226
85477
3952
5724
154810
9570
4651
4067
60685
357
54957
3659
10254
23114
10228
9928
701
9641
9133
7644
3294
29781
489
26270
2355
3070
84152
2764
9723
81624
9582
1992
5877
3566
55061
2487
8111
79671
29091
9639
23205
27178
57405
2055
4600
3437
341640
83461
4860
1741
2104
2215
170680
6461
55839
50617
79000
348825
242
1594
1041
338785
26002
55026
54149
9830
79153
5875
10468
128553
22974
2305
87178
2719
9777
7855
9308
2760
5522
339665
55723
6801
144455
81620
27145
57484
150468
196743
84823
10051
28968
64127
91695
5646
130367
152926
57678
7293
2769
84448
55143
55197
139065
5825
374454
3429
8470
8851
166929
79152
66004
30001
57214
1063
51090
3713
89894
55512
7056
56986
221833
55283
79844
126410
51050
10592
64711
22866
5271
84419
9053
79230
2585
2239
51128
115265
7136
3656
402415
283219
22849
1690
27301
386724
375791
50487
120224
55975
51514
10395
401546
27351
84961
64328
262
10116
10158
64084
1635
54749
5447
6367
3157
118932
9019
4174
8731
80315
79960
338382
79852
5255
10197
7262
2997
6464
5028
144193
5551
79983
5930
10891
57706
285282
8418
5463
311
1508
10082
5354
56886
5427
25819
108
10647
4751
84189
27071
60558
57573
23279
79170
155465
79148
55165
64782
139322
2947
4644
285381
28231
22916
6709
339105
92211
637
765
9055
5099
5212
925
51251
81577
6641
5333
7283
81671
54542
5337
51087
3489
64135
5645
83667
57099
23635
7039
6820
163351
4072
6097
9425
55361
81786
5152
63924
1408
129049
30812
2161
219855
6272
65009
7139
3162
112858
283518
2995
1540
9125
687
6659
85377
56829
1978
629
8140
29927
29982
1880
26031
2706
24145
26137
8034
10742
4133
1464
59
3040
90527
55223
29950
80331
204219
29851
1571
128239
9635
257019
11264
1894
220
85415
126393
83666
7083
55706
55014
83988
51167
84803
1740
9689
79098
90411
113115
55432
10309
55222
10892
2029
10157
26504
9156
152404
26147
197259
1573
29986
9022
8710
4241
79887
126789
27161
55388
51659
8562
4012
79741
10721
140809
54978
10090
93649
5376
22904
415117
6698
2965
8843
148170
4883
112950
55500
377
23200
993
11001
57152
3796
23063
84541
11065
3625
9700
3145
2281
6340
51
1036
642273
348235
10105
3854
54
22853
55161
7089
389336
1810
54566
54859
26037
8501
10529
3932
9581
6286
1382
3853
10391
55351
4137
55034
84301
57120
5341
2539
9377
83660
112609
330
5023
5868
7447
137075
84733
79784
55323
2888
123879
7763
10125
58489
5550
10370
10518
8836
27074
7494
65059
90019
55163
22797
5034
6530
89932
84706
10615
8996
29089
57018
7727
133619
374378
114880
84904
6296
22798
3416
64288
255394
83544
2326
7334
7153
56907
11004
79365
6945
284443
11202
89890
6653
79801
1525
5366
1503
5507
54346
9985
205564
10938
4170
5898
2296
4046
1969
348938
639
3597
54933
5350
3702
7021
23039
2523
55775
10905
2175
10043
4684
133022
10350
1295
64063
6699
199221
23624
5465
10024
940
101
79730
57864
247
9982
3918
5652
54965
23474
9063
55423
962
7326
286887
11056
10491
613
8800
9353
63928
57639
146540
5329
4043
23590
55287
9
11339
65260
666
114327
57477
1048
3670
57228
246243
56969
5504
79866
83715
23387
9232
55207
7464
79074
151195
3257
8607
9765
9540
10398
134147
57673
55031
130733
222962
9941
255231
128637
51011
120
1776
23640
283377
1397
3839
54440
92737
6160
55786
23242
387103
3959
22919
10548
23098
5579
6450
27175
50489
4118
9120
3431
56971
1164
56996
4007
146223
5318
5096
2568
3783
80310
342667
80896
1396
8082
10782
7126
113251
4139
29995
26207
10512
9422
6279
272
56882
29028
53981
150696
54741
65982
9499
7368
27130
2359
147920
3957
3359
1009
348793
3034
91624
6457
2273
145226
30061
283383
2203
8028
26577
6491
1983
5603
126231
8318
254295
4915
55327
55355
26027
55186
91120
7113
94274
157922
84901
23353
79868
49855
10010
28232
3842
145864
55170
2018
23327
81617
10181
57645
5905
59082
1580
9424
154
9603
51373
25821
1001
388969
482
5991
64641
1749
6210
5167
55720
10231
113452
93134
3488
9212
4199
5348
84268
22943
57148
57154
81558
51377
23786
64078
79158
4928
810
51433
9172
4257
346689
4345
126792
347733
6732
6867
55794
55071
159013
131965
79827
10475
11213
3676
4318
79966
28971
1317
163882
114907
6416
947
51303
56241
4885
51806
84817
84669
6723
79762
197131
8879
10062
55646
2330
56935
27334
9683
79084
9246
63943
29108
5306
2674
26263
80273
1346
9953
6876
7779
8451
10129
221476
10890
10492
85462
991
83604
211
391
80317
10439
55052
80025
83692
6271
3225
7038
57715
54813
79057
55344
27242
10799
317762
80271
196374
153222
4155
399694
93166
10516
7512
6627
834
3838
3832
146439
3052
2043
51474
7584
2534
57595
55304
8204
58508
64785
1182
23185
1453
29766
11237
89795
705
9963
5288
348093
56256
137872
8543
8763
4152
5747
5058
692312
4686
5557
90459
153339
2041
10150
10785
285848
8613
9572
1831
657
54443
26521
92170
4688
4047
7582
79016
10521
4948
4130
57466
7536
32
122060
79817
55824
54857
140691
1737
28977
80218
57613
139886
83657
8651
25833
5650
800
55742
1207
113179
25912
255488
253959
84561
4680
55450
9948
9962
57161
79134
50807
132014
84057
8914
3268
124565
84984
23461
57556
2026
414062
30844
285343
55276
10580
6713
10425
1410
8202
1438
5029
84342
79758
157869
9595
6310
8629
8618
55701
55612
1104
55293
388403
25923
10072
1000
54675
57609
79666
202020
89796
9727
7018
9223
9452
5598
55727
387921
54464
24140
55915
6347
9021
9262
22885
10266
28962
4771
2773
1362
22941
8623
55599
65264
6768
10144
23190
8437
79644
9619
134430
9806
6518
4839
57007
376497
5373
57475
79109
79607
83699
27345
25948
51741
72
10533
147463
4008
5718
6747
55573
4287
79589
8572
10640
283871
6706
66002
199857
80018
27333
931
4745
23576
171546
400451
9946
6009
84306
84816
54677
4739
202333
5818
84883
57662
1136
6352
776
3964
11135
54865
7866
55806
6891
115330
5371
89846
23225
89765
147015
57185
192666
1278
10212
60493
1075
8974
219988
55638
134957
9718
158584
5521
8566
285237
3956
348094
89958
1847
57463
10200
9949
3898
23682
55900
3192
1836
3836
88745
2247
3872
55876
4926
1627
114789
79828
84105
26127
93517
3937
9209
23174
10913
9060
7504
116
10804
84632
10452
11332
283991
79723
79018
5257
6622
5764
55703
81929
10461
147841
9404
9662
11284
55174
10098
80856
56994
7328
118881
9580
54832
55759
83861
2651
990
80824
10458
948
55190
9185
84934
1497
23181
100288413
100616668
53342
94039
54626
8676
170691
3430
6038
285613
10328
79714
4171
5362
55331
79027
55781
5880
50862
7569
3310
9214
8626
1374
7746
29775
51673
5062
147645
10059
9342
27292
3337
8986
11091
2934
5738
283284
1678
367
116028
122769
79744
79711
80221
59344
10982
7752
51317
60492
4352
5737
2935
135112
7867
23484
1676
9764
7851
79668
23492
80742
23037
63967
4893
5594
435
146433
54585
219348
64333
6487
2017
26064
1593
23177
9933
26517
6745
6217
199777
84626
9563
57498
11184
140459
55117
7514
147372
7162
7078
9258
11164
85460
596
80020
22870
4085
84216
11169
64858
6002
51088
10691
81688
85476
144108
4799
79750
10225
4316
4552
5912
9590
283237
6882
3904
56931
4615
51203
7415
899
23266
133522
1802
27097
90668
79959
85480
126969
10045
5328
80108
148327
8814
112
26290
10287
10725
23413
57452
302
8905
5016
145264
7347
84617
55027
11072
221914
63826
54583
57451
54707
5562
51263
5130
8828
285704
9670
1160
55356
112399
6652
85021
10449
2230
29896
55832
2047
580
79669
9111
1509
7298
79651
1870
152273
339745
10166
8991
219844
3866
6478
55578
3291
79071
22837
84902
288
53829
54676
8837
5888
83464
4674
6590
130576
51122
2237
622
9991
3140
4810
57505
79810
51125
3075
84315
8439
5324
167227
7108
64420
149466
65065
319101
7095
2152
10346
201229
10253
388815
90637
51465
285382
2896
29796
79720
57570
81570
26036
118987
9818
29883
10626
23223
9455
10097
55012
84072
10558
152831
317649
10379
10973
79139
169611
55092
6737
3775
26130
5445
22881
8539
51534
2736
84955
25820
3833
10000
118980
54993
57464
57188
4690
56655
9145
166824
4670
909
23243
55230
6182
552
22899
1387
11021
3693
85012
10480
55589
64089
23336
10926
147040
10295
84078
10121
113263
7166
441295
23567
56339
51734
29984
2803
55630
50814
7499
84639
5423
51073
6197
153769
64218
2052
23321
199704
389541
4793
4234
5699
54834
9783
90025
23231
283229
5906
7390
79679
23286
4781
23276
5048
1786
26040
57085
10196
8545
3709
27246
3394
51291
7004
10079
10320
65055
64393
3099
84134
5295
91694
8324
5264
2618
8897
79961
23403
51318
8722
51091
9788
4281
256236
387338
4814
1602
963
29071
23086
84807
51099
6871
4277
5630
9848
54918
6431
634
84651
222166
7049
9448
57403
9184
10923
54845
54442
5583
53917
51385
51651
91768
30008
79974
25886
255027
51302
84937
2005
58526
26507
8728
55105
84466
525
146894
133957
27
8754
79705
8076
10163
9841
23581
3883
56034
84418
4038
1948
162989
84298
8027
5717
29128
84869
2202
57465
26353
148304
55425
56477
83999
90139
8500
2635
10611
5993
23048
51209
64856
136
9200
29121
7534
80206
5781
5450
112495
10631
80157
50511
51010
7756
7466
27095
7088
9391
23345
22982
7102
7169
4645
8797
23066
9423
125488
81563
375775
1955
2491
254427
4772
140890
80063
11075
22834
837
10483
1263
8660
6941
1326
9824
57510
55667
9605
65265
158234
55131
8228
83714
58528
153768
1662
5269
3112
134637
9076
23507
10284
6760
23130
23469
5498
56852
80179
56169
57522
83879
1634
3131
901
150223
29842
22880
1819
54531
57232
146802
9230
84283
94081
2625
56997
253827
84304
127544
85453
51154
27342
4001
10058
23095
255520
55735
5001
50999
27065
79755
1785
23019
83698
151613
1809
7707
4609
81618
65080
165055
1638
10966
25818
140825
92949
3269
158067
9419
64422
84898
8310
57507
79963
7263
80263
8427
3092
2145
4907
259217
80303
150763
60412
664
7561
493861
1780
23729
153129
1543
23550
2019
528
4124
5074
8892
8322
2235
5592
7422
50615
376940
26509
998
57724
57610
5064
788
55255
11151
11187
132001
23175
239
9865
1352
994
120103
6507
10061
2932
8575
3778
79739
10974
11214
23645
340542
1781
57704
23466
7084
11336
158747
8760
51095
6503
55001
23362
9141
124222
55051
91147
221079
79142
55212
29914
56271
152579
199713
55082
26589
10525
51768
22927
4173
93145
5156
4968
51808
5519
1499
113444
3954
55317
54964
1675
128218
55605
1756
6920
137695
83719
6322
11014
5915
26511
29092
9878
60684
55023
55284
10294
24138
151516
2149
2730
6850
2850
587
23708
23471
133383
25805
91663
9644
2643
23460
191
29083
2318
55109
90378
1028
388610
120526
84874
9399
5928
4782
51097
1775
23229
57124
590
8555
163126
79102
64718
7357
57089
3790
3455
28511
6839
54922
196446
10630
143662
11047
57619
38
6183
665
84307
25852
140862
4215
6601
1910
130162
5966
154807
55070
3622
399512
3840
54558
91687
6770
56650
255877
10520
79695
84196
128977
157680
53836
10455
1902
22844
8321
8930
11068
64786
29078
84281
5544
5911
120425
241
23493
65083
57493
6385
4756
10263
3241
726
284207
6821
5293
686
2268
79690
9040
4329
54874
9584
22921
644596
22931
27067
11130
10845
54512
8884
3654
129787
219743
85363
64080
929
84436
54625
79833
93973
26135
56987
23463
25759
56674
5494
965
3981
60496
139231
91433
54681
623
11215
2553
55268
218
4898
22818
10300
254048
923
11154
51629
23406
150
55342
10360
92014
56902
5033
116988
10916
10565
162967
79023
23013
79172
220134
23548
1161
8682
23767
64327
115825
80209
203062
9855
23235
51491
55173
84722
3419
79724
9775
6443
6120
4248
9159
9631
55930
57489
828
2006
1476
261726
119391
9721
9470
80055
3340
25896
54751
9828
6609
583
23271
8548
8131
92714
284
55681
6672
146198
253769
23020
90639
5050
79659
9811
5195
90141
6274
201626
9989
84640
64960
63898
54482
23219
84548
51592
79634
1956
283254
136051
83987
5686
10808
201799
10111
8857
9733
2121
7538
63027
54101
4239
23780
8480
79832
8450
7024
4089
26268
84749
9908
493856
155038
594
8458
26043
79848
55761
3815
840
81606
83892
56122
10564
11099
51645
9735
151194
5704
2810
8880
2207
6422
8975
6840
11167
84524
113828
154043
200205
92126
6535
3587
404672
23513
90627
54938
9747
23762
29780
9938
5569
3113
347
10240
1428
9578
794
10972
5055
48
138716
54472
1296
9801
5834
56943
5163
64098
55825
65125
285386
80762
619279
8796
64762
64769
1876
942
56681
23164
57045
55757
5609
7319
138050
6854
2794
84253
4488
10509
4919
51704
29094
2778
56990
23082
154467
51236
1026
4128
79675
54756
4836
23032
79763
9967
224
7372
378
3985
165545
5901
10535
7430
9923
400120
56243
260434
23171
29088
407977
5338
93594
3292
6252
5433
79056
203260
10437
128854
10217
388394
57210
91
1763
3308
7323
84967
9139
116987
230
79147
260293
8624
51062
92799
949
9175
122970
65244
55848
10020
9414
51022
51569
91010
1965
5939
64756
3601
29107
286128
10147
23338
54962
78987
54471
124402
2241
54480
57153
1465
483
85450
51322
5523
5743
64343
81566
2948
10198
11031
23224
6632
23612
152815
84168
4869
6926
8550
55013
3675
123591
548596
3759
83475
55312
216
6490
5695
55745
121260
9333
10908
9217
23097
10057
60489
4628
5819
9188
91942
843
327
58985
79143
90634
64600
79901
3267
81888
7517
54989
3965
8909
84186
9122
51547
161291
7454
92399
157773
10236
9587
56998
7008
60526
9077
3043
55686
51278
3280
28951
123096
6667
25994
29789
10260
54507
65062
256586
10460
91614
5565
2354
55740
55658
6628
1793
9481
256471
131177
126669
201475
6199
8654
9317
25999
1153
51043
9201
57132
5154
4520
51422
1842
8503
222389
5771
5277
1789
6650
10866
5836
7280
28991
55719
116362
9889
1654
9914
114795
63929
1577
9669
9321
9743
5509
51700
10053
83943
25849
26586
6903
55308
192669
1368
960
7915
149708
10677
51118
2181
54968
2021
10544
388591
140462
151887
2805
347735
2177
23253
9064
26229
7695
80778
10959
5226
55142
80352
221294
90850
23564
132158
5446
5648
9836
79979
5520
1845
23543
64866
3059
148022
29888
11276
847
23731
22821
5217
6624
124491
23660
9097
595
123016
51735
124359
4613
57419
25941
132160
9638
1054
284370
63939
27068
23139
84259
11041
2053
51114
199953
4247
9114
114781
118424
55244
51283
171023
11112
28985
55700
9361
29095
27349
11034
79083
9474
9454
123099
116983
26118
57019
57514
1363
2782
646
9663
5082
2137
52
114876
54820
6662
10404
790
54875
388
6273
158880
388753
147686
51752
7706
26119
10241
