8638
8942
479
3576
26085
1824
283748
6364
5275
10855
83886
5653
374918
5588
3934
6317
56300
2304
23553
6280
94240
7051
79838
9118
115019
79094
416
56649
4938
55640
8601
685
5873
3290
3627
383
2525
4246
4939
9517
3772
5655
10135
84985
29949
5265
2066
3038
84659
5467
64108
8061
116844
7704
256764
9636
115749
10205
6563
1734
6523
79413
4057
1117
5326
78990
890
3158
81573
57115
597
84516
1062
83639
5874
4940
11226
1830
1839
284348
51129
2537
9787
7090
133746
55103
5327
332
85441
55803
3579
121214
7718
5266
6016
4288
6513
1033
132864
9796
5733
983
27177
7082
5317
10112
140733
3669
6772
1890
113130
25891
2173
83401
6701
2940
144110
1562
375035
9997
8608
7272
2201
140686
4599
3875
5972
9712
4084
5188
84518
10403
2752
57103
22936
6790
9833
23589
84674
4477
1999
12
1052
10160
7053
9073
6774
5165
341
8412
83595
144568
60437
2524
24137
3949
157313
23348
84648
81610
64102
3665
7482
8013
26525
23120
54544
23284
1432
1111
26154
10762
4135
131583
4430
5017
8530
83737
4306
344905
56261
3149
7803
55872
915
9690
5618
51760
9319
23527
3001
699
2877
55711
118663
366
8945
55122
85458
8416
60559
26579
4582
79092
3397
55040
83850
117247
84812
8774
10802
55266
22836
384
54498
57822
6397
54819
1545
891
5194
10463
11043
898
8226
85477
3952
5724
154810
9570
4651
4067
60685
357
54957
3659
10254
23114
10228
9928
701
9641
9133
7644
3294
29781
489
26270
2355
3070
84152
2764
9723
81624
9582
1992
5877
3566
55061
2487
8111
79671
29091
9639
23205
27178
57405
2055
4600
3437
341640
83461
4860
1741
2104
2215
170680
6461
55839
50617
79000
242
1594
1041
338785
26002
55026
54149
9830
79153
5875
10468
128553
22974
2305
87178
2719
9777
7855
9308
2760
5522
339665
55723
6801
144455
81620
27145
57484
150468
196743
84823
10051
28968
64127
5646
130367
152926
57678
7293
2769
84448
55143
55197
139065
5825
374454
3429
8470
8851
166929
79152
66004
30001
57214
1063
51090
3713
89894
55512
7056
56986
221833
55283
126410
51050
10592
64711
22866
5271
84419
9053
79230
2585
2239
51128
115265
7136
3656
402415
283219
22849
1690
27301
386724
375791
50487
120224
55975
51514
10395
401546
27351
84961
64328
262
10116
10158
64084
1635
54749
5447
6367
3157
118932
9019
4174
8731
80315
79960
338382
79852
5255
10197
7262
2997
6464
5028
144193
5551
79983
5930
10891
57706
285282
8418
5463
311
1508
10082
5354
56886
5427
25819
108
10647
4751
84189
27071
60558
57573
23279
79170
155465
79148
55165
64782
139322
2947
4644
285381
28231
22916
6709
339105
92211
637
765
9055
5099
5212
925
51251
81577
6641
5333
7283
81671
54542
5337
51087
3489
64135
5645
83667
57099
23635
7039
6820
163351
4072
6097
9425
55361
81786
5152
63924
1408
129049
30812
2161
219855
6272
65009
7139
3162
112858
283518
2995
1540
9125
687
6659
85377
56829
1978
629
8140
29927
29982
1880
26031
2706
24145
26137
8034
10742
4133
1464
59
90527
55223
29950
80331
204219
29851
1571
128239
9635
257019
11264
1894
220
85415
126393
83666
7083
55706
55014
83988
51167
84803
1740
79098
90411
113115
55432
10309
55222
10892
2029
10157
26504
9156
152404
26147
197259
1573
29986
9022
8710
4241
79887
126789
27161
55388
51659
8562
4012
79741
10721
140809
54978
10090
93649
5376
22904
415117
6698
2965
148170
4883
112950
55500
377
23200
993
11001
57152
3796
23063
84541
11065
3625
9700
3145
2281
6340
51
1036
642273
348235
