8638
8942
479
3576
26085
1824
283748
6364
5275
10855
83886
5653
374918
5588
3934
6317
56300
2304
23553
6280
94240
7051
79838
9118
115019
79094
416
56649
4938
55640
8601
685
5873
3290
3627
383
2525
4246
4939
9517
3772
5655
10135
84985
29949
5265
2066
3038
84659
5467
64108
8061
116844
7704
256764
9636
115749
10205
6563
1734
6523
79413
4057
1117
5326
78990
890
3158
81573
57115
597
84516
1062
83639
5874
4940
11226
1830
1839
284348
51129
2537
9787
7090
133746
55103
5327
332
85441
55803
3579
121214
7718
5266
6016
4288
6513
1033
132864
9796
5733
983
27177
7082
5317
10112
140733
3669
6772
1890
113130
25891
2173
83401
6701
2940
144110
1562
375035
9997
8608
7272
2201
140686
4599
3875
5972
9712
4084
5188
84518
10403
2752
57103
22936
6790
9833
23589
84674
4477
1999
12
1052
10160
7053
9073
6774
5165
341
8412
83595
144568
60437
2524
24137
3949
157313
23348
84648
81610
64102
3665
7482
8013
26525
23120
54544
23284
1432
1111
26154
10762
4135
131583
4430
5017
8530
83737
4306
344905
56261
3149
7803
55872
915
9690
5618
51760
9319
23527
3001
699
2877
55711
118663
366
8945
55122
85458
8416
60559
26579
4582
79092
3397
55040
83850
117247
84812
8774
10802
55266
22836
384
54498
57822
6397
54819
1545
891
5194
10463
11043
898
8226
85477
3952
5724
154810
9570
4651
4067
60685
357
54957
3659
10254
23114
10228
9928
701
9641
9133
7644
3294
29781
489
26270
2355
3070
