6701
6364
6279
56300
6698
4057
6363
3854
374918
1396
22802
3952
51673
4883
374454
57142
7053
4915
5900
10521
60
360
283748
9308
10049
6446
2752
54566
57007
6622
127534
25907
9073
23461
2104
10105
2318
2289
118663
65065
5521
1906
3115
63928
5394
55107
590
10971
348938
319101
10370
10725
3709
8553
79755
53832
79026
821
1152
54813
4664
85012
54834
7045
7021
650
199221
1026
2487
376940
1836
25805
162073
1525
91304
492311
5099
4000
10124
25833
794
8522
1756
898
6626
57188
114876
85477
10158
439921
80020
23469
11329
255967
5034
81844
58499
8418
65982
64127
6642
23190
89849
53827
11343
9223
3714
5498
22836
79971
222166
54664
81608
54901
256236
4862
3201
112399
26040
54985
115265
55286
1195
6934
7559
140807
55269
25777
23406
56256
646
5981
23126
26018
1910
115019
119504
89890
6945
526
64063
55422
5579
4026
29015
4259
51077
1032
9788
5813
51495
58508
11080
55002
55437
10125
2317
64847
4040
51643
10525
57798
115752
5791
3955
6734
51312
113263
57488
5586
80781
3914
55893
317649
1021
152137
1031
56977
132946
10402
79885
57654
222
89796
5033
51302
4089
56882
285382
140686
22834
79139
23177
51760
51804
55061
928
153830
56987
4174
22921
79188
23231
23328
1464
26043
6281
115290
51096
55696
2235
57801
199704
29959
1786
317671
55552
10325
81
51000
9129
5894
23481
222236
10953
55186
51226
83641
51582
2585
4218
3609
51167
5530
51449
6894
9499
59338
629
26579
79048
137695
8720
550
84164
4330
29116
153572
2619
10492
4082
3482
2531
1112
5037
27314
994
27246
9416
392
22906
50
170506
169355
57820
84516
80856
131408
65084
64766
4118
659
3184
55900
57419
7225
64172
50863
288
55788
11252
23731
1299
7581
8678
79685
665
9743
10983
5027
90507
54107
10413
7743
8853
5106
23405
148327
4784
54910
11040
145482
54414
122509
8019
9265
91408
7464
9804
8651
399694
7569
6464
79711
2796
2632
4781
54665
50939
55604
79084
22902
56131
25923
4832
4756
23528
7163
5612
2979
9422
57721
79960
10014
84313
100289635
26092
55735
1783
9805
145957
10867
56993
55689
3059
10152
11215
94103
5170
9252
59341
9037
84445
3295
347733
2181
25778
5499
84693
25851
1019
10194
1616
1959
9414
54551
4041
2186
1955
5144
91419
6733
54554
28996
64419
6647
79730
283464
64744
112
7094
4012
8496
1909
114932
7756
7542
50511
54841
131566
7726
90075
4651
1398
9766
27301
5875
9792
4600
8763
