6701
6364
6279
56300
6698
4057
6363
3854
374918
1396
22802
3952
51673
4883
374454
57142
7053
4915
5900
10521
60
360
283748
9308
10049
6446
2752
54566
57007
6622
127534
25907
9073
23461
2104
10105
2318
2289
118663
65065
5521
1906
3115
63928
5394
55107
590
10971
348938
319101
10370
10725
3709
8553
79755
53832
79026
821
1152
54813
4664
85012
54834
7045
7021
650
199221
1026
2487
376940
1836
25805
162073
1525
91304
492311
5099
4000
10124
25833
794
8522
1756
898
6626
57188
114876
85477
10158
439921
80020
23469
11329
255967
5034
81844
58499
8418
65982
64127
6642
23190
89849
53827
11343
9223
3714
5498
22836
79971
222166
54664
81608
54901
256236
4862
3201
112399
26040
54985
115265
55286
1195
6934
7559
140807
55269
25777
23406
56256
646
5981
23126
26018
1910
115019
119504
89890
6945
526
64063
55422
5579
4026
29015
4259
51077
1032
9788
5813
51495
58508
11080
55002
55437
10125
2317
64847
4040
51643
10525
57798
115752
5791
3955
6734
51312
113263
57488
5586
80781
3914
55893
317649
1021
152137
1031
56977
132946
10402
79885
57654
222
89796
5033
51302
4089
56882
285382
140686
22834
79139
23177
51760
51804
55061
928
153830
56987
4174
22921
79188
23231
23328
1464
26043
6281
115290
51096
55696
2235
57801
199704
29959
1786
317671
55552
10325
81
51000
9129
5894
23481
222236
10953
55186
51226
83641
51582
2585
4218
3609
51167
5530
51449
6894
9499
59338
629
26579
79048
137695
8720
550
84164
4330
29116
153572
2619
10492
