3627
51574
9360
6490
1349
203190
5411
84154
3429
415117
29889
55035
6164
51186
57016
92196
3857
10412
51503
6741
91942
8411
6229
3895
4753
8796
5932
53340
54951
10153
65109
55856
219402
27258
4709
54443
948
7381
1638
146433
80254
10283
91057
57639
23029
11235
55299
9933
94240
58517
26019
55863
55854
132946
10631
51315
84560
84081
5685
51134
55329
9045
3320
5064
51118
199704
286053
83939
4939
85495
10247
51002
9141
5771
56943
3799
84324
60492
10600
347
7175
10051
79657
56925
3428
374618
80173
140890
800
9541
147463
9126
7336
4724
56986
5108
10135
28998
51023
23253
55003
84233
8836
84946
26354
7913
79868
29080
3148
29081
81892
55677
51626
965
84693
51510
6637
10161
28977
2537
10393
51389
146802
6160
2803
8727
10569
55839
10464
25949
9321
51065
388962
388815
29028
6166
129531
6902
164656
54482
5743
79921
132321
7539
4528
11179
23469
59082
667
5453
51121
57511
10111
9260
222584
5684
10592
7272
51182
8089
1033
51318
55781
1466
5973
55872
170622
472
51639
5706
51373
3336
57124
5962
6129
10240
8418
64431
6727
1880
90799
10403
9984
347733
8887
6296
6596
83479
64135
84661
9821
11178
7184
3490
143884
9169
26275
63877
23256
94104
84057
80145
84240
7477
90019
29078
4697
7153
9976
5552
8520
57226
4712
9787
4820
55285
54851
1730
51372
54534
55646
5803
1164
5339
84651
8803
83852
55074
127253
10892
11005
10346
5926
8087
51105
10094
699
9748
54148
64983
23641
988
51260
9443
147657
29899
301
51747
150468
4085
29089
80071
7748
170680
6990
23466
115749
9735
10808
11193
56905
27089
65117
3682
383
11146
9553
1662
3685
84298
57001
51397
54865
3181
8857
983
22798
83940
27333
9833
79848
4257
5393
5783
10671
7443
6633
26355
3576
7295
1063
9988
65056
6119
6235
5775
8615
54969
339487
8559
57018
56241
54962
55973
64422
54505
84817
10733
2551
728492
51187
90410
4069
3301
54931
51808
760
374454
6451
83882
25799
11340
9101
10190
55763
79694
8813
25928
7705
23607
1894
5203
23360
4869
6210
56647
163486
51290
27101
9774
51068
64343
6643
3550
92840
102157402
51371
84268
7582
51203
6948
23658
120526
55967
9326
4437
1062
79682
113510
51377
2745
64318
128308
2804
203228
51199
6201
404672
4750
65110
56300
9662
10040
1022
4666
57117
1509
6576
8649
54780
127018
8243
1002
79627
80817
55269
7718
1475
4902
10174
10987
7077
2593
5884
84365
113791
79074
143684
2963
10486
390
11177
8743
26156
163351
7466
139322
84128
1429
93594
81608
2273
2287
7871
83608
79833
6233
5352
7155
160897
22983
29093
10721
54460
8195
9879
64711
9188
115294
8601
5074
3437
347744
51699
57337
2217
5997
2205
129049
348
219749
55172
396
4659
9166
79133
56942
220002
55012
2669
6249
3176
55619
7571
165055
9318
50489
143879
23190
1070
51562
155066
3091
10152
3646
1102
4751
6728
55183
10923
51651
55246
55179
4236
3159
837
170850
60592
9807
55591
151613
55212
7486
4157
11247
51053
5204
10735
9585
9232
9738
6367
221154
126321
527
5764
115106
135293
50999
682
23475
57559
738
7411
889
11335
10025
79811
2959
84186
55900
22862
3066
51018
10542
10539
25946
6261
85437
10787
4597
727
10200
79898
3070
56901
9721
10480
80745
10274
25800
3248
7447
2958
79717
128061
4780
55132
163732
51455
6629
2907
26036
22839
5984
1832
91419
147807
84876
57129
197259
6742
6152
8233
90141
1649
7704
9039
1163
387103
1781
25836
8631
114908
79784
55320
23451
51167
4861
404217
1622
3459
23333
84948
6844
317671
80258
79873
55602
5707
1917
25994
79803
196463
54981
4037
80019
10213
51527
9419
400451
10994
56945
96764
1745
92344
6627
8669
64288
9801
8733
5557
22802
7555
4246
3329
10555
55727
6772
590
51115
9937
57414
83442
8661
51805
6253
25796
6385
55165
6993
6917
9646
255520
83986
5589
8985
79017
2817
65055
9638
6322
10150
23595
8427
25788
9014
9796
389336
1209
135112
29097
5834
90204
10988
8784
10668
57509
51185
5211
2039
51138
8809
22936
26586
10163
8672
11120
5889
23456
9950
114926
51001
55435
633
55082
8912
10196
27257
10010
3866
57678
55201
93210
3832
54863
80352
85456
2896
10973
4883
8491
2767
51200
84520
7750
55120
1292
92400
3622
23643
83696
261726
10155
29994
2135
8805
55131
25998
26091
1347
83638
6672
826
79675
5321
7270
79612
79009
84455
3084
84319
388753
139341
25865
55236
23483
56916
6165
6712
50512
58505
53343
8417
11164
24137
26255
6059
83541
5597
84277
6279
29952
84152
160418
157313
64960
5358
51091
79752
34
26009
8065
79102
51742
161882
6820
6788
5914
10089
2875
5002
51110
7347
112770
375748
51663
142678
54431
55105
5955
79144
286148
3688
27247
9135
4137
165545
55848
57122
285203
54499
134510
7760
9406
7019
140467
152518
23215
392
22950
340348
23443
51604
6683
90865
5142
5876
123099
9114
9669
64743
29066
8723
84312
9903
3574
2965
28985
29886
7351
55605
9961
51633
84985
6448
25978
7072
162979
5805
2192
4338
84938
23002
54839
51545
1059
4938
55388
3959
4644
1408
91978
8317
23170
29117
55109
64979
79073
11132
905
55145
29110
91300
22826
90203
1050
23396
9044
10208
51393
10447
6873
148022
26145
5189
54529
51107
79609
2241
170960
29090
64218
90637
493753
5763
6605
64786
103910
83715
9262
90956
79624
51569
26872
834
26127
529
2319
6548
27242
79414
5652
627
8175
79083
29924
4784
54469
9409
5423
3572
51122
9584
10557
9482
54014
6218
163778
65108
598
9524
27178
23059
3040
54978
1385
1535
23301
29121
27068
83448
6594
11033
3612
4694
4723
90594
391
57045
285282
285381
4296
55652
23379
6688
207
5683
1350
3796
10694
51133
55892
1161
56254
11183
5287
83643
56997
79643
26521
7360
84885
389289
8674
214
55013
6095
92579
79882
23338
114791
152137
4357
79006
4335
10168
26505
8883
80789
84318
57498
55759
2051
51282
168002
8019
5718
84975
949
63935
257364
3709
81627
80723
57579
4854
54958
1445
55276
257218
902
26098
9338
91860
90592
5716
132789
5782
23234
9782
57380
170394
55023
134359
9133
5828
11098
144501
92689
9679
8481
8722
317
90701
51474
7132
115209
196446
79586
4125
55125
10026
57149
6692
1436
915
84419
1672
25833
90324
79866
6256
84266
7265
128272
552889
10015
9627
972
10848
1605
26046
83590
3557
3433
116844
51247
6352
84955
286077
10908
9022
10915
84818
768
51116
25759
55812
51406
51246
29966
11056
284353
226
329
80270
57035
56963
9310
26273
4707
6883
54625
55744
55066
253959
2049
57584
65062
91355
9156
8986
388585
7791
10950
348262
23625
54947
54544
26520
83743
50801
23158
84061
26173
114799
1186
374354
23144
84181
388272
56949
8501
80381
9111
9536
2940
5119
57662
7013
25907
1041
11237
4814
6618
2771
3396
51645
2339
55471
6317
6100
2182
3281
65078
22902
6776
5445
2108
79983
11259
1345
80135
10428
55813
79180
3150
79871
1101
144455
65981
84300
25797
57763
2125
54932
80055
121665
55578
58191
164284
1474
282809
219927
117177
10495
1983
51020
1653
4926
56413
5029
79171
7702
430
64965
5524
129401
170506
55258
11260
6604
6338
7905
57799
8028
1069
377
57456
122809
4976
64423
10910
57405
10607
57617
143098
57544
113179
2625
63940
81617
79720
10617
10458
3956
7016
3934
2995
892
55020
55614
10298
285343
56261
52
4190
341405
10576
51691
2011
54531
118433
57455
1105
130502
124583
51144
9145
79664
5909
4708
23646
26258
51715
6125
535
28957
8050
6839
25816
8453
84532
23480
5595
256471
11054
57092
9810
3955
79143
11162
29803
286410
9824
57223
10845
6286
4734
79671
148423
84326
5701
9289
51195
55858
114327
23629
178
831
4599
7536
4927
9849
11070
7110
11062
9657
114882
92140
345778
388969
6723
11270
23386
55505
8751
1290
665
7803
1727
84926
51222
4054
84886
57192
57520
6892
1628
2275
81853
4692
891
116461
29928
200942
9982
2975
57232
8540
255189
10180
8487
57508
6829
57231
10935
6457
318
2202
57534
80345
900
23594
79844
153443
348938
147700
585
9874
53635
25777
10049
9091
51720
1397
1828
9510
115201
51501
2634
79652
10493
2123
23130
64108
64763
11180
11320
9790
58478
7392
51157
113000
3308
5281
5427
137492
1762
51616
26471
216
90231
84108
7376
1717
55768
9612
10647
126792
549
158219
1775
64925
5303
5605
152100
2821
5430
4683
1265
4967
54700
9993
151742
51095
10629
6251
51056
150274
84549
10772
55342
4690
1043
120534
53938
8379
26048
83746
6337
7572
84892
6879
25842
29079
125950
3119
3202
1291
3211
26286
51074
55827
132
27013
84958
90379
5464
55279
9946
60558
84196
9784
81622
2063
79072
151188
9761
60343
5195
5728
80790
83941
285268
10210
23650
221504
26020
124935
149076
8780
84190
10905
55048
170463
23550
3416
7284
84987
9597
112495
3707
9550
54785
23548
29074
8634
5238
8078
23654
5111
23401
23405
83931
10279
11284
7095
1827
112611
890
51150
2872
2867
55095
8705
64089
23558
7461
830
10162
254295
54664
2193
79148
79663
5442
51435
51258
26056
285440
10621
3964
79735
5756
90060
124446
57696
196
6729
29104
55975
27044
90843
94015
256281
1508
8666
117178
80010
6510
83932
23390
60678
64864
79817
1593
5886
3717
8802
51585
84878
1176
90826
143686
440138
4174
145957
6434
10874
113829
7398
1479
347735
55288
2055
124220
376497
7125
10509
2876
27301
1718
64225
84869
11222
84336
91768
23287
8522
7067
369
53339
64801
112849
80223
51160
56954
7150
60561
54149
7499
83930
1111
11080
64598
201965
51522
80772
59344
79135
2971
81876
2146
55277
1200
23624
80207
7317
10362
10945
51090
64430
23136
53827
9919
55144
11156
6726
51608
5686
57418
83478
1201
3655
79594
4591
57621
51382
6405
6813
10383
9636
10225
7525
79893
8667
51380
1785
8076
3054
126410
54940
89853
10066
6155
134728
25914
29945
8829
384
64285
3728
23277
79635
79065
10262
3996
81857
10809
56985
8896
11342
7187
51000
5357
8881
55659
10443
139886
3094
54512
22841
51601
6647
27079
90007
9861
55501
4245
1909
8237
93100
259217
79023
6709
81605
7726
84216
54361
64223
25980
54897
23633
79176
23207
79071
6668
124044
9847
6194
6601
8519
51295
6320
7703
80271
7029
84294
2296
10938
122553
7106
25821
26512
4711
22836
25930
51112
6626
23473
4303
10559
51586
84896
22998
57410
93343
284403
60684
25862
5965
29982
29087
441194
3843
10758
2512
3344
2314
55336
121441
23399
148753
10079
10112
55296
54820
118460
80727
908
11311
7991
51131
29083
119392
11275
129831
23254
2783
79161
5970
4729
4430
91137
8550
23612
51362
51300
1562
4047
81
51006
5921
7542
79894
201595
3691
94134
9862
79713
3189
5164
65094
55745
8644
5271
57118
8886
7978
83719
60488
1740
55762
1468
125058
23590
55133
2796
80108
4000
26205
79929
79759
79637
114879
11315
199990
6836
63876
49855
10014
53371
9702
5288
55898
151525
8425
64207
60496
9610
26001
9488
10402
10300
80176
56931
7580
9589
91289
51368
23659
10634
3927
221078
7627
11336
84231
97
51135
80063
6016
1627
199
9328
8694
8131
10282
2548
64924
84448
25805
155038
11069
79947
112609
58190
83879
79629
10625
51621
920
2568
11339
339344
6097
10059
256051
23424
10813
57539
55717
55893
51760
537
23527
11253
6794
3912
54923
5872
192286
55356
11135
8767
741
4287
80232
51528
2242
84232
7516
10512
5726
6120
8798
55930
10536
9230
57721
348235
91373
22
8566
51366
168544
27161
11187
3913
124997
7917
7157
79791
126208
79830
10106
64856
115509
10158
6731
79573
153642
83480
64432
56257
1153
114294
64216
23200
84950
54517
5019
64770
1776
51649
659
4691
152503
8573
132299
10640
23022
10795
154007
57175
9221
79885
414919
80142
25798
91056
254359
1902
51106
51010
