3627
51574
9360
6490
1349
203190
5411
84154
3429
415117
29889
55035
6164
51186
57016
92196
3857
10412
51503
6741
91942
8411
6229
3895
4753
8796
5932
53340
54951
10153
65109
55856
219402
27258
4709
54443
948
7381
1638
146433
80254
10283
91057
57639
23029
11235
55299
9933
94240
58517
26019
55863
55854
132946
10631
51315
84560
84081
5685
51134
55329
9045
3320
5064
51118
199704
286053
83939
4939
85495
10247
51002
9141
5771
56943
3799
84324
60492
10600
347
7175
10051
79657
56925
3428
374618
80173
140890
800
9541
147463
9126
7336
4724
56986
5108
10135
28998
51023
23253
55003
84233
8836
84946
26354
7913
79868
29080
3148
29081
81892
55677
51626
965
84693
51510
6637
10161
28977
2537
10393
51389
146802
6160
2803
8727
10569
55839
10464
25949
9321
51065
388962
388815
29028
6166
129531
6902
164656
54482
5743
79921
132321
7539
4528
11179
23469
59082
667
5453
51121
57511
10111
9260
222584
5684
10592
7272
51182
8089
1033
51318
55781
1466
5973
55872
170622
472
51639
5706
51373
3336
57124
5962
6129
10240
8418
64431
6727
1880
90799
10403
9984
347733
8887
6296
6596
83479
64135
84661
9821
11178
7184
3490
143884
9169
26275
63877
23256
94104
84057
80145
84240
7477
90019
29078
4697
7153
9976
5552
8520
57226
4712
9787
4820
55285
54851
1730
51372
54534
55646
5803
1164
5339
84651
8803
83852
55074
127253
10892
11005
10346
5926
8087
51105
10094
699
9748
54148
64983
23641
988
51260
9443
147657
29899
301
51747
150468
4085
29089
80071
7748
170680
6990
23466
115749
9735
10808
11193
56905
27089
65117
3682
383
11146
9553
1662
3685
84298
57001
51397
54865
3181
8857
983
22798
83940
27333
9833
79848
4257
5393
5783
10671
7443
6633
26355
3576
7295
1063
9988
65056
6119
6235
5775
8615
54969
339487
8559
57018
56241
54962
55973
64422
54505
84817
10733
2551
728492
51187
90410
4069
3301
54931
51808
760
374454
6451
83882
25799
11340
9101
10190
55763
79694
8813
25928
7705
23607
1894
5203
23360
4869
6210
56647
163486
51290
27101
9774
51068
64343
6643
3550
92840
102157402
51371
84268
7582
51203
6948
23658
120526
55967
9326
4437
1062
79682
113510
51377
2745
64318
128308
2804
203228
51199
6201
404672
4750
65110
56300
9662
10040
1022
4666
57117
1509
6576
8649
54780
127018
8243
1002
79627
80817
55269
7718
1475
4902
10174
10987
7077
2593
5884
84365
113791
79074
143684
2963
10486
390
11177
8743
26156
163351
7466
139322
84128
1429
93594
81608
2273
2287
7871
83608
79833
6233
5352
7155
160897
22983
29093
10721
54460
8195
9879
64711
9188
115294
8601
5074
3437
347744
51699
57337
2217
5997
2205
129049
348
219749
55172
396
4659
9166
79133
56942
220002
55012
2669
6249
3176
55619
7571
165055
9318
50489
143879
23190
1070
51562
155066
3091
10152
3646
1102
4751
6728
55183
10923
51651
55246
55179
4236
3159
837
170850
60592
9807
55591
151613
55212
7486
4157
11247
51053
5204
10735
9585
9232
9738
6367
221154
126321
527
5764
115106
135293
50999
682
23475
57559
738
7411
889
11335
10025
79811
2959
84186
55900
22862
3066
51018
10542
10539
25946
6261
85437
10787
4597
727
10200
79898
3070
56901
9721
10480
80745
10274
25800
3248
7447
2958
79717
128061
4780
55132
163732
51455
6629
2907
26036
22839
5984
1832
91419
147807
84876
57129
197259
6742
6152
8233
90141
1649
7704
9039
1163
387103
1781
25836
8631
114908
79784
55320
23451
51167
4861
404217
1622
3459
23333
84948
6844
317671
80258
79873
55602
5707
1917
25994
79803
196463
54981
4037
80019
10213
51527
9419
400451
10994
56945
96764
1745
92344
6627
8669
64288
9801
8733
5557
22802
7555
4246
3329
10555
55727
6772
590
51115
9937
57414
83442
8661
51805
6253
25796
6385
55165
6993
6917
9646
255520
83986
5589
8985
79017
2817
65055
9638
6322
10150
23595
8427
25788
9014
9796
389336
1209
135112
29097
5834
90204
10988
8784
10668
57509
51185
5211
2039
51138
8809
22936
26586
10163
8672
11120
5889
23456
9950
114926
51001
55435
633
55082
8912
10196
27257
10010
3866
57678
55201
93210
3832
54863
80352
85456
2896
10973
4883
8491
2767
51200
84520
7750
55120
1292
92400
3622
23643
83696
261726
10155
29994
2135
8805
55131
25998
26091
1347
83638
6672
826
79675
5321
7270
79612
79009
84455
3084
84319
388753
139341
25865
55236
23483
56916
6165
6712
50512
58505
53343
8417
11164
24137
26255
6059
83541
5597
84277
6279
29952
84152
160418
157313
64960
5358
51091
79752
34
26009
8065
79102
51742
161882
6820
6788
5914
10089
2875
5002
51110
7347
112770
375748
51663
142678
54431
55105
5955
79144
286148
3688
27247
9135
4137
165545
55848
57122
285203
54499
134510
7760
9406
7019
140467
152518
23215
392
22950
340348
23443
51604
6683
90865
5142
5876
123099
9114
9669
64743
29066
8723
84312
9903
3574
2965
28985
29886
7351
55605
9961
51633
84985
6448
25978
7072
162979
5805
2192
4338
84938
23002
54839
51545
1059
4938
55388
3959
4644
1408
91978
8317
23170
29117
55109
64979
79073
11132
905
55145
29110
91300
22826
90203
1050
23396
9044
10208
51393
10447
6873
148022
26145
5189
54529
51107
79609
2241
170960
29090
64218
90637
493753
5763
6605
64786
103910
83715
9262
90956
79624
51569
26872
834
26127
529
2319
6548
27242
79414
5652
627
8175
79083
29924
4784
54469
9409
5423
3572
51122
9584
10557
9482
54014
6218
163778
65108
598
9524
27178
23059
3040
54978
1385
1535
23301
29121
27068
83448
6594
11033
3612
4694
4723
90594
391
57045
285282
285381
4296
55652
23379
6688
207
5683
1350
3796
10694
51133
55892
1161
56254
11183
5287
83643
56997
79643
26521
7360
84885
389289
8674
214
55013
6095
92579
79882
23338
114791
152137
