3627
51574
9360
6490
1349
203190
5411
84154
3429
415117
29889
55035
6164
51186
92196
3857
10412
51503
6741
91942
8411
6229
3895
4753
8796
5932
53340
54951
10153
65109
55856
219402
27258
4709
54443
948
7381
1638
146433
80254
10283
91057
57639
23029
11235
55299
9933
94240
58517
26019
55863
55854
132946
10631
51315
84560
84081
5685
51134
55329
9045
3320
5064
51118
199704
286053
83939
4939
10247
51002
9141
5771
56943
3799
84324
60492
10600
347
7175
10051
79657
56925
3428
374618
80173
140890
800
9541
147463
9126
7336
4724
56986
5108
10135
28998
51023
23253
55003
84233
8836
84946
26354
7913
79868
29080
3148
29081
81892
55677
51626
965
84693
51510
6637
10161
28977
2537
10393
51389
146802
6160
2803
8727
10569
55839
10464
25949
9321
51065
388962
388815
29028
6166
129531
6902
164656
54482
5743
79921
132321
7539
4528
11179
23469
59082
667
5453
57511
10111
9260
222584
5684
10592
7272
51182
8089
1033
51318
55781
1466
5973
55872
170622
472
51639
5706
51373
57124
5962
10240
8418
64431
6727
1880
90799
10403
9984
347733
8887
6296
6596
83479
64135
84661
9821
11178
7184
3490
143884
9169
26275
63877
23256
94104
84057
80145
84240
7477
90019
29078
4697
7153
9976
5552
8520
57226
4712
9787
4820
55285
54851
1730
54534
55646
5803
1164
5339
84651
8803
83852
55074
127253
10892
11005
10346
5926
8087
51105
10094
699
9748
54148
64983
23641
988
51260
9443
147657
29899
301
51747
150468
4085
29089
80071
7748
170680
6990
23466
115749
9735
10808
11193
56905
27089
65117
3682
383
11146
9553
1662
3685
57001
51397
54865
3181
8857
983
22798
83940
27333
9833
79848
4257
5393
5783
10671
7443
6633
26355
3576
7295
1063
9988
65056
6119
6235
5775
8615
54969
339487
8559
57018
56241
54962
55973
64422
54505
84817
10733
2551
51187
90410
4069
3301
54931
51808
760
374454
6451
83882
25799
11340
9101
10190
55763
79694
8813
25928
7705
23607
1894
5203
23360
4869
6210
56647
163486
51290
27101
9774
51068
64343
6643
3550
92840
102157402
51371
84268
7582
51203
6948
23658
120526
55967
9326
4437
1062
79682
113510
51377
2745
64318
128308
2804
203228
51199
404672
4750
56300
9662
10040
1022
4666
57117
1509
6576
8649
54780
127018
8243
1002
79627
80817
55269
7718
1475
4902
10174
10987
7077
2593
5884
84365
113791
79074
143684
2963
10486
390
11177
8743
26156
163351
7466
139322
84128
1429
93594
