7130
6401
6347
6279
7057
5806
406991
79689
6675
3371
1514
4321
10135
23516
9023
56999
4499
5552
2212
4502
3383
5270
50856
7412
4837
26585
9188
963
64859
9180
3037
6648
6515
161742
4360
4860
9510
6363
3853
10797
23212
3569
692198
55816
969
10875
84916
9221
6574
4069
55003
6357
5328
3690
4609
4489
1462
2182
54517
8140
5359
4688
1880
3838
4839
6402
55379
4064
9334
1503
10808
7076
51388
24145
6507
9595
79572
6398
1848
1736
3566
3091
51154
56902
2114
3428
23560
5341
23642
1001
290
5740
10885
2358
81929
1992
9945
4953
10969
6280
10437
5788
7538
284098
83732
3936
23160
6723
5292
7358
10468
6059
3554
83716
80155
7805
4495
1662
1830
84935
5352
9103
2215
9173
55226
55326
374
26765
9299
51602
128346
87178
55720
84135
4498
64116
25801
3309
10056
7056
56169
83666
8884
27340
84154
5507
55127
79954
4067
6774
4783
9021
55646
55759
3575
6403
10576
261729
3659
3312
58477
12
10221
26770
4478
54210
87
84790
10769
100533955
84319
26354
84946
8542
152579
133308
9933
3949
8602
654364
84549
2935
79711
22918
113251
29889
153443
54865
3419
9533
22948
6632
4144
6446
3329
868
10261
388325
3182
22984
10061
26769
3937
10525
2357
64318
5880
705
81034
22803
54663
3251
388796
5902
57103
10813
8503
131873
256076
262
3301
8875
4790
2040
3055
5743
9775
3868
23760
10205
366
708
84172
151636
4552
5036
65260
25885
161291
2713
9497
1536
23082
10963
134430
7037
1958
5901
929
10146
3689
2877
908
127544
7150
6432
23780
51726
7203
976
79892
1075
7046
29126
27292
9332
55784
5771
594839
390
9516
1965
9816
9194
8886
339524
8882
23590
9507
10197
29078
9128
5832
6566
2207
51605
10606
7099
10189
51491
55813
27436
5631
65083
4982
2252
240
3726
3455
692072
3791
760
1105
2023
64841
8843
9100
54888
55341
1520
3687
91607
25940
3556
27
26800
3308
5791
5873
7371
84365
26814
6355
2683
1601
10527
9875
9689
1026
29015
8607
7965
11031
23223
2618
7321
80830
25902
1545
2643
11222
2810
6238
23657
56261
692075
241
28969
9688
2752
1983
10162
7532
84298
4691
360
3185
55153
9343
9669
60
4200
115123
23092
84617
92856
1230
120425
51018
5954
79077
7791
6283
57493
84259
9630
10574
55299
22919
7327
444882
2992
7305
488
152007
143244
23179
84981
5305
64425
23214
326343
3002
57510
10440
84955
4084
7127
3939
10371
5707
148867
55052
2213
84803
3313
6541
5329
219972
10269
1660
10785
8669
4430
26286
379
719
4928
4001
552891
60559
54700
26973
26872
10260
5937
9263
1282
55164
10626
5062
6427
51050
3320
5836
80218
729230
2769
60674
27128
140851
5054
51118
30836
23404
4074
9258
85028
11010
9948
3608
6950
56413
400759
6428
79084
2553
7097
9590
57532
11151
27000
50807
8761
85476
3276
8662
7803
55640
541471
84919
57169
51465
4493
3059
10095
11171
6768
10483
142
3836
9535
10383
144195
5464
5717
3269
7357
7360
4071
54552
23076
545
4615
51444
54606
96764
10531
10226
4682
1378
7171
84128
158
2615
7157
80273
123745
471
22868
57018
54726
55276
10950
79101
7071
1052
81875
4170
10514
1147
10973
6836
26207
10308
3576
56647
5611
6884
330
137835
5265
10128
80018
861
93663
23065
10799
8767
1306
204
3684
103
8553
55858
4683
112840
6418
2355
9972
50515
23195
50999
4616
3561
64231
57480
692195
51554
57486
7126
84668
26155
26796
7096
10940
3628
57102
1981
246
55622
4600
728378
4686
10195
10419
3837
23511
26995
10915
9277
100132417
3954
10392
55332
6713
6628
26123
613
51056
54680
83743
57050
5591
4354
51312
100652748
285381
5684
5226
25879
6282
255324
64581
91351
10130
1435
55041
2219
1019
10196
7494
80380
10575
7132
9111
3267
80176
92609
51330
6578
4501
5738
3326
5686
7533
55664
5272
8301
55239
9989
10237
10946
23481
11137
9261
57003
2113
5373
114793
123879
6520
114789
83857
10581
2521
65265
138199
4927
10432
9124
64121
30001
10985
4247
64434
342510
9420
55735
578
4627
9790
4076
153339
51645
83706
11177
286410
6197
55621
54502
526
10625
23450
1434
5420
396
54205
6421
7414
7019
150465
51575
5306
313
63892
25897
55308
10131
56919
81671
64332
7372
5876
55035
8477
23246
23
9646
53829
8829
5704
6772
60528
837
81614
93487
9526
80335
79772
54881
134429
5688
865
9818
1265
171568
79134
692085
53981
8795
7052
343069
3459
5691
4116
6434
5327
571
9589
10171
147804
6890
54534
55798
6503
157506
80832
100293516
92935
51095
56938
25929
29995
11196
2288
5721
51194
8835
1072
29080
692088
9935
11226
5725
5903
9136
200081
79707
56943
10236
201626
3843
124801
10059
3676
56993
6731
3460
960
71
55573
6542
10492
646817
10213
3577
3609
407975
8668
79691
26586
9324
28978
57658
51185
57088
23461
1628
84961
121227
26785
665
8853
10090
201895
407019
1389
257194
11080
9572
165679
8861
2949
3603
55251
7145
55074
64283
55536
216
5087
29994
9747
23362
3915
3131
23588
85004
2330
11279
100033421
3400
84952
51147
347686
27244
4926
7289
91653
92689
54873
25891
94241
91404
114327
8490
57182
5332
3673
36
664
84290
375248
10894
9096
5288
9079
8654
1879
23635
5175
27250
26137
4223
1577
23345
124
223117
26787
8322
153222
3908
5159
25925
143662
10793
8863
7078
57519
100533464
26471
10060
92196
23306
152503
3434
154141
595135
7102
583
57730
7465
51170
83604
114907
2487
55599
376940
85291
115294
481
55818
126
645784
116039
117248
493869
64798
5164
9481
10891
5165
85285
26959
54800
901
100132476
185
387267
130271
29904
283298
56204
10826
9201
94134
84616
9891
2273
83699
100507608
1831
25928
23086
119548
25840
81617
113791
120
50937
22925
7103
9975
285313
2173
9068
6563
947
3866
10349
255394
256691
10350
23460
30061
125
8549
