6283
6318
6947
338324
8638
6702
9407
9615
8942
479
55350
57016
3576
26085
51458
1824
2919
283748
6364
5275
10855
3002
83886
5653
8876
374918
5588
3934
6317
56300
29126
2304
56938
91543
23553
89848
6280
387695
25937
94240
7498
27299
7051
54809
55584
79838
163720
6241
9118
84985
115019
79094
416
64581
56649
4938
55640
284366
8601
113730
5873
2048
3627
383
2525
79931
4939
9517
3772
100133941
5655
10135
80830
102465438
29949
200933
5265
84659
10107
23657
2760
3038
5467
64108
8061
10170
1493
116844
439949
55008
9636
5996
115749
4283
10205
2920
4321
100289462
1734
10563
6523
79413
4057
1117
5326
78990
890
9447
9388
81573
57115
597
84516
1062
83639
5874
23508
57823
4940
11226
6772
1830
1839
284348
7804
55064
51129
7378
2537
983
100505702
9787
7090
133746
55103
5327
332
2752
85441
2700
55803
8745
81831
574414
3579
121214
7718
5266
55789
6016
79605
4288
6513
1033
132864
1591
64092
5733
27177
7082
5317
10112
3669
414325
1890
100505839
2633
50964
6707
113130
3868
6701
144110
1562
375035
891
9997
8608
7272
2201
120224
4599
5972
406947
2713
26298
55655
22996
9712
91298
4084
5188
84518
10403
79689
134429
23232
101928022
57103
22936
10492
6790
25800
9833
406938
3820
23589
84674
4312
1999
374
12
641
1052
7053
340481
6774
10105
83595
144568
60437
2524
54659
412
24137
283404
3949
157313
23348
84648
83737
81610
3434
3665
8013
652995
654790
101928317
129607
26525
23120
55808
54544
1432
1111
26154
83591
3553
10762
6698
2822
131583
2630
256227
7474
4430
5017
8530
55359
284340
56261
3149
7803
55872
80328
915
9690
9955
10964
9319
8542
23527
3001
386618
699
2877
8945
55122
55771
8416
259266
60559
11031
2710
162394
79092
3397
8420
100913187
55040
83850
117247
84812
8774
10802
80853
55266
384
55839
405753
54498
57822
6397
54819
9683
5194
83666
10463
11043
4585
898
8226
149478
5724
154810
55635
3594
4651
4067
60685
357
54957
3659
100506013
11254
10254
23114
10228
9928
701
9641
9603
9133
9962
3294
3161
29781
9053
9830
55061
27179
26270
2355
23244
3070
2764
134285
128488
81624
29035
9582
1992
5877
3566
8111
79671
1719
727957
57405
2055
4600
9420
3437
494143
10561
5646
83461
101929623
6401
5672
4860
1741
2215
170680
6362
6461
79000
348825
9120
242
3575
7262
1594
1041
26002
219285
54149
29982
140803
79153
5875
7447
83990
407975
54739
22974
2305
87178
9777
7855
142891
374286
9308
5522
339665
221079
55723
6801
144455
57082
81620
377
150468
10999
11274
196743
84823
10051
6400
220042
64127
64151
149041
135250
914
130367
7293
2769
55143
55197
5825
10288
3429
219595
3593
101927972
8851
7867
166929
66004
30001
57214
1063
9493
23200
3713
55512
7056
3597
5676
406991
257068
51010
9023
126410
51050
22824
10592
6541
5271
84419
10200
79230
100507472
102
51128
3656
402415
283219
27301
386724
375791
50487
3034
79930
52
55010
55975
51514
27351
84961
64328
10635
262
10116
10158
5172
1635
6713
4069
5447
440823
6367
54658
3157
123036
118932
9019
55754
4174
23514
8731
387882
80315
834
440590
338382
10892
79852
5255
56907
2069
3964
2557
10197
2997
153020
29841
84239
6464
5028
144193
5551
79983
5930
57706
285282
1508
56886
5427
25819
7097
9570
838
4751
27071
60558
23279
55784
55165
64782
139322
10763
4644
55276
285381
28231
22916
339105
101928487
637
221718
150962
83540
9055
5099
29028
400954
925
51251
81577
5333
7283
113763
81671
54542
5337
23255
10622
64135
5645
83667
57099
7039
6820
163351
9425
55361
1810
84640
81786
4703
140739
2161
143187
219855
6272
65009
3162
112858
283518
89795
1540
146909
374393
9125
23586
85377
56829
1978
629
8140
29927
1880
7546
6355
26031
402778
2706
24145
8034
55801
4133
90527
55223
374655
91351
29950
80331
204219
29851
9258
9700
9099
100302185
1571
128239
9635
100528031
11264
1894
220
6402
1182
8534
4170
7083
55706
55014
115362
51167
84803
50717
113179
9689
79098
90411
113115
340591
55432
54346
10309
1983
55222
2029
10157
26504
9156
26147
7027
197259
3898
29986
9022
8710
55236
79887
126789
27161
55388
51659
8562
4012
121273
10721
140809
54978
50848
2043
102466985
22904
415117
2965
100506658
3683
8843
148170
401387
4883
112950
55500
993
643224
3775
3561
8038
57152
3796
23063
84541
11065
3145
2281
6340
51
126638
1286
642273
348235
3854
54
22853
55161
9949
619562
8529
54859
144423
26037
3932
9581
6286
1382
3853
55034
84301
84333
5341
2539
9377
112609
26191
330
154754
5868
7763
84733
51117
5583
655
123879
10125
58489
196264
5550
10370
10518
51132
28639
3557
8836
27074
163590
64859
55799
65059
55163
22797
5034
84706
10615
7518
25786
29089
79733
57018
7727
133619
374378
114880
84904
3416
64288
255394
2326
7334
7153
11004
6945
11202
79801
1525
5366
440503
1503
1454
55287
2825
9985
205564
10938
23533
100528017
5898
1969
348938
639
54933
3702
2523
55775
10905
2175
10043
9180
25939
64063
6699
23624
8477
10024
64078
940
101
4293
7112
9982
27242
5652
54965
23474
9063
55423
100288637
80161
962
7326
100137049
286887
10970
55601
11056
4646
26271
613
9550
5329
4043
64785
23590
9
11339
3364
63926
65260
666
124460
51073
1048
3670
57228
246243
64795
5504
79866
55027
23387
80025
961
9232
55207
23185
7464
79074
151195
3257
23161
8607
4188
9765
29766
3872
9540
57673
9941
255231
128637
728431
1776
23640
283377
1241
3839
54440
10434
387103
3959
22919
10548
196374
27175
57495
29909
339400
3163
3431
56971
8482
1164
9776
5598
8539
10663
100616388
56996
4007
6566
51203
100506776
80896
7126
113251
4139
6891
51191
26207
6279
272
56882
53981
150696
27130
2359
3957
3359
348793
221710
5367
10138
6457
145226
8807
286530
100507533
6491
5603
8318
55327
84131
55355
23225
26027
445347
157922
84901
79868
49855
10010
3842
145864
55170
5905
9456
23601
729020
59082
9424
51373
25821
1001
10300
1749
6210
56833
2171
55720
113452
93134
9212
26263
100500832
4199
10578
57148
57154
51377
23786
7247
100507564
4928
810
219527
126792
347733
80143
56990
101930071
6732
55794
55071
159013
131965
9134
10475
11213
3676
1457
266977
4318
9957
1317
163882
6416
54472
51303
735301
51806
1750
84817
84669
112937
6723
23780
26047
197131
5286
8879
84000
55646
6672
56935
27334
89910
79084
9246
63943
29108
5306
80273
9953
7779
8566
8451
10129
11009
10890
85462
991
211
391
10439
55052
23334
7328
4363
55344
10799
317762
80271
58475
388699
3838
3832
146439
3052
7584
55509
80342
55304
440836
8204
9991
1452
1453
147339
705
9963
56256
54757
121506
910
8763
4152
5058
102465906
692312
8837
4686
642475
5557
90459
25994
153339
130340
2041
10785
1497
164
22949
285848
54677
54989
50618
3308
55669
5272
23276
56992
197342
54443
26521
81693
92170
4688
58477
79016
7098
100616393
100506581
6289
10425
79817
55824
140691
6760
1737
28977
80218
139886
8651
5650
25912
29887
255488
9990
84561
8522
9948
81875
79134
50807
84057
8914
124565
84984
3718
7903
414062
30844
285343
51274
84934
5359
125228
8202
10539
1438
5029
5810
9837
84342
157378
9595
54509
6310
100652740
64407
102466194
55612
1104
55293
8504
25923
10072
79666
57380
89796
6999
100653049
55727
54464
24140
102465879
57720
55915
6347
9021
9262
28962
4771
2773
63970
101928388
51012
100529241
6768
23190
8437
79644
9619
134430
100499467
9806
6518
4839
55247
5373
79109
79607
80067
9562
25948
51741
102724316
10533
147463
79874
4008
713
6326
5718
80864
6747
55573
4287
10640
283871
6706
199857
931
401233
29760
171546
84306
11016
84816
1075
5818
3937
1136
6352
11135
54865
7866
55806
22894
5371
89846
286827
5608
100129461
147015
192666
10212
60493
124976
219988
134957
9718
158584
285237
121551
89958
1847
54549
5573
23682
9263
3836
79993
88745
64848
114789
79828
84105
26127
93517
339230
23174
2595
9060
7504
57551
116
10804
84632
10452
11332
283991
79723
79018
348654
55703
81929
7162
147841
11284
155435
1654
10098
118881
55759
100527950
83861
990
80824
10458
948
8609
23181
100288413
50862
94039
54626
8676
3430
85439
5552
285613
10328
79714
4171
81611
55331
79027
55781
5880
10048
3310
9214
89777
8626
29775
5062
147645
10059
9342
27292
3337
8986
11091
151246
5738
283284
9419
1678
116028
122769
54512
79711
80821
59344
57510
7752
4352
26030
2935
135112
23484
1676
9764
7851
79668
624
63967
4893
5594
435
54585
57102
285973
64333
3605
2017
168667
26268
9933
26517
100131213
100506100
6745
6217
84626
56681
51382
101928195
158219
79716
11184
3620
140459
55117
11164
85460
80020
22870
4085
84216
100506428
11169
64858
100506668
6002
51088
10691
81688
85476
100132341
692205
144108
8792
100302132
4799
10225
4552
5912
150291
3904
56931
4615
7415
1456
899
23266
133522
1802
57537
27097
100302274
90668
79959
2744
85480
10045
5328
10287
302
222
7347
84617
11072
63826
54583
11133
57451
54707
5562
51263
5130
8828
10973
256236
9670
112399
55917
100505746
102465480
9111
1509
7298
79651
1870
339745
10166
219844
55233
53905
6478
643338
79071
22837
64080
285513
53829
54676
5888
785
105375839
6590
127544
51122
2237
622
7321
3140
57505
55106
9487
79810
51125
84315
167227
7108
64420
149466
10346
55379
80155
90637
51465
2896
29796
79720
57570
81570
118987
9818
91749
10626
23223
55001
10097
55589
114769
5669
55180
84072
2618
10558
10379
102465133
79139
55092
6737
26130
5445
51534
57705
84955
25820
3833
118980
57464
4690
56655
5987
84898
6182
63874
154214
11021
653857
643008
64089
10926
147040
10295
10121
51734
8450
29984
140735
6783
1385
55630
50814
117289
84639
5423
6197
153769
64218
4793
4234
5699
54834
221150
9783
90025
23231
7390
57512
84444
5048
1786
5707
23023
200916
57085
10196
8545
23141
10808
23219
1355
3394
51291
7004
9014
10320
65055
3003
3099
84134
8897
79961
23403
51318
51091
9788
4281
387338
963
7357
84807
51099
23046
79572
4277
9848
54918
6431
84651
9448
57403
9184
10923
54845
54442
53917
51385
10061
51651
101929819
25886
1439
84937
2005
58526
55149
26507
8728
55105
1352
7762
84548
8754
5788
84248
9841
23581
162989
84298
8027
5717
29128
26353
148304
8310
10053
101929356
83999
8500
2635
10611
5993
64856
55142
136
9200
51236
29121
7534
6373
5781
5450
112495
80157
7756
27095
9391
55215
57019
4645
692073
8797
125488
79685
24138
10553
55278
2491
254427
8456
23017
154761
4735
80063
2023
5966
131873
837
27166
10483
1263
6941
1326
9824
402483
79155
9605
65265
55131
1662
85015
9221
54970
64098
100505812
3112
134637
10342
10537
23507
23130
56852
80179
56169
79613
83879
51605
64105
100526760
100506119
51434
150223
22880
1819
54531
51316
6505
57232
3749
147138
146802
84283
94081
84304
51154
8659
27342
56924
4001
10058
11187
23095
255520
55735
5001
50999
123169
27065
79755
1785
23019
83698
441951
4609
65080
165055
25818
3486
140825
338651
3269
4643
64422
101927761
7263
8427
664
493861
23729
653583
23550
528
4124
5074
8892
2235
7422
3622
50615
5771
646282
998
57724
57610
11151
84285
132001
100507463
197358
100506497
4128
239
9865
51108
23397
9711
994
120103
6507
54534
2932
408
23645
23080
79958
79822
57704
11336
25836
51095
90523
6503
9141
124222
55858
79142
55212
57126
152579
199713
10261
26589
10525
199974
4173
283951
51808
5519
6404
22984
113444
3954
55317
54964
54908
128218
4175
10336
137695
154043
23358
11014
965
26511
9878
60684
64332
10730
55023
55284
10294
151516
114294
2730
6850
23471
6403
133383
55275
2643
191
29083
55109
90378
57502
9399
151194
1775
163126
79102
142678
57089
3790
3455
151636
28511
6839
54922
10630
143662
11047
55729
54502
1746
6183
665
79892
26224
644656
130162
100507567
54820
3840
91687
1184
50640
9491
84196
340719
4830
54620
53836
79029
64762
22844
79159
8930
11068
29078
5911
120425
241
79269
65083
10263
3241
284207
5293
6529
686
55055
2268
719
51008
9040
6619
22931
27067
11130
10845
8884
3654
85363
26059
929
54625
79833
93973
26135
23463
56674
100131138
3981
60496
84272
139231
91433
64783
623
2553
166785
23406
218
22818
283651
100302138
10712
5151
4846
923
11154
51629
10360
92014
56902
25975
116988
54602
10565
102466889
5527
79023
441733
79172
55326
220134
1161
2444
56180
11051
8682
23767
64327
80209
100507053
9855
51491
55173
84722
64924
3419
5150
9775
6120
9159
552891
100422952
9631
57489
1476
261726
9470
51719
4800
3340
25896
54751
6609
23271
8548
8131
92714
151393
55681
64343
81614
84930
253769
5050
5195
90141
6274
201626
84163
9989
64960
63898
2193
51592
79634
283254
136051
5686
201799
10111
7538
63027
54101
8480
79832
9462
7024
54826
3600
84749
9908
493856
284349
8458
26043
840
84804
83892
10564
51645
9735
79180
80216
51284
5704
2810
2207
64231
54836
9204
22852
84524
113828
6535
3587
9341
23513
3383
54938
23762
9938
5569
9609
3113
10240
9578
91300
5055
138716
65243
60526
942
9813
145508
9801
5163
285386
101180901
7991
1876
91975
23164
285987
57045
7319
93349
4488
10509
29094
57685
23082
154467
1026
79675
4836
6472
79763
7372
378
3985
79736
165545
5901
10535
7430
204
9923
56243
260434
29088
5338
93594
3292
1478
6885
5433
79056
10437
1763
7323
84967
10016
729533
79147
3822
8624
92799
1984
55848
55676
9414
51022
55206
1965
90381
3601
29107
286128
54962
54471
124402
2241
103352539
54480
57153
483
85450
5523
5743
3428
5296
81566
10198
6632
3064
23612
414777
84168
56204
7273
84689
4869
8550
1175
55013
23560
3675
548596
3759
54332
83475
55312
6490
57125
23234
55745
121260
9333
10908
26285
10057
60489
5819
9188
91942
843
327
58985
79143
80306
55421
64600
3267
10733
7517
84920
3965
8909
51547
161291
23476
7454
92399
50488
51258
9587
55686
51278
28951
6667
10260
26175
256586
10460
91614
9793
2354
55740
55658
26086
22944
6628
85302
54708
256471
131177
6199
80336
10652
51043
57132
79820
4520
643977
285533
8614
5277
1789
6650
10866
375449
6240
5836
407004
7280
5910
55719
9889
9914
100500850
9669
9321
9743
5509
51700
9521
26586
6903
55308
80174
7915
149708
728411
10677
55239
81873
51118
54968
2021
10544
388591
2081
8743
2805
347735
2177
23253
9064
340152
84174
10959
5226
80352
221294
90850
132158
10529
5446
5648
2328
9836
5520
1845
84268
2549
102465454
29916
64866
3059
673
148022
23349
29888
11276
4891
6624
101927673
124491
23450
23660
9097
1477
23229
124359
4613
22995
57419
25941
1054
151987
10011
23291
63939
27068
84923
692227
79839
51567
84259
199953
4247
8847
29899
7096
9114
114781
118424
171023
28985
55700
57602
9361
26020
29095
129450
27349
9474
9454
6256
123099
116983
2782
646
9663
59272
3459
5082
2137
9617
790
6372
6273
102723983
388753
7852
7706
26119
25816
1794
79906
969
10863
23300
140885
9650
578
55621
26000
5292
53918
151188
284252
9498
7163
81932
51003
54205
50604
23254
51256
1282
84312
64324
11052
100616367
84501
223082
8688
8832
3093
57111
8780
10301
90826
3055
79017
9520
9585
10421
5007
85463
29928
84912
401505
9744
51228
387263
388125
146956
2186
23218
9966
23587
10413
55129
4238
6597
23059
1311
220963
729230
55003
54892
5336
6731
2673
51531
55869
497189
118672
80119
84959
64844
80232
152002
3732
7739
8943
55770
2123
1390
162
2582
245973
6890
26519
51690
10507
5597
3692
23764
283232
8669
8634
7171
50515
6354
10236
100507321
84172
672
26266
54165
284098
79072
10513
57129
64761
55132
57175
4261
1468
5791
93100
5862
90522
84868
1234
7009
11334
3156
7879
129831
283638
23594
84942
29915
3556
5753
55285
53340
23566
4437
64926
7433
252983
5984
51182
6940
285672
60386
55907
10428
51026
100505555
9685
55127
10113
56897
5515
2677
79815
4189
9435
10270
5985
4734
26502
6284
79725
56926
51582
26051
3925
283234
84513
57568
122416
5933
7993
115361
116461
808
51411
8821
152518
11218
2357
100528032
27229
6712
714
100529211
10765
55330
581
51428
57109
79778
51121
63933
81502
57127
7332
55269
55110
51319
7305
9653
10190
9531
9088
3799
23347
27335
25879
5983
195814
55610
81792
55270
10189
10681
8886
157570
23381
5134
55364
4783
1536
5805
9392
10165
57669
56265
81930
51199
3687
64062
645676
1455
501
4140
54069
7128
5902
206358
1861
57223
440138
79954
1327
131474
84236
55689
22868
7182
116071
10419
81889
10607
6654
84905
11278
3684
10900
7265
54994
2729
5636
80775
254394
64319
6441
5228
29968
80196
5106
5208
8997
63940
649
2829
7150
5127
6168
83442
80765
11200
23173
8581
387893
100652748
6351
8540
134553
9633
4953
9526
5553
10813
1445
545
57834
29097
80267
8894
1977
22926
81689
5688
8315
101060691
65124
8317
526
201176
80790
7296
80851
4790
10102
29966
2870
116372
26100
101927279
79646
3845
84916
9146
80169
64768
54516
55697
100616459
4668
51573
63922
4314
409
55425
8438
116540
57147
64167
255919
10797
7185
146857
124583
84885
26277
58495
80255
283742
22948
2961
1123
4689
23186
7167
102465472
6785
10159
51635
27076
1874
144501
80154
54808
51755
116150
7037
100820829
4897
57612
81892
54503
140460
23192
10557
79020
80223
80185
22998
80343
22929
57404
54847
23617
339559
29100
5595
80204
58492
343099
3425
390
54830
202915
64651
10195
996
728
83448
57542
360
22845
63897
7701
3423
125476
7443
388722
55172
4935
5245
5347
26512
123355
150290
654483
9881
2841
2107
23154
8546
55922
6525
6992
339487
54951
60674
10296
692197
55238
23526
84895
9455
57617
55016
693197
403313
5698
4507
6278
475
8270
57478
100133121
25974
2327
2800
79145
3229
84277
221477
11333
4055
6881
6856
8674
167465
6363
7068
284695
8301
254240
91949
6434
382
8775
2317
23335
84269
55017
4217
11101
64777
30835
83786
4296
115201
55968
9442
8467
123263
91010
143098
83541
7753
4076
1416
11266
51081
10137
11083
105379181
10146
9119
6809
10283
168455
1951
10207
100534612
3065
93343
2783
79650
92162
9197
55322
26995
51200
84108
9057
199
6742
643837
23286
1040
4332
23303
79184
89978
6421
26578
55660
5210
55365
84002
8242
79080
4221
51056
9875
80740
5756
644815
9894
101926888
203
80055
63875
64137
5441
57532
1353
9401
10856
22979
10322
26355
100506759
11313
8517
131
388336
3071
135398
684
55157
92906
9885
80308
23307
57130
5230
23400
54995
54462
29979
254428
54093
55732
11183
64425
5978
80304
28755
56913
50805
5019
57169
84612
1186
23623
79001
8717
83648
84752
8573
8266
9939
79693
10017
79903
84629
90417
60682
51018
8882
84135
51805
4200
645591
26099
10201
404734
140838
30845
54764
8576
55596
2806
23401
169981
644943
64223
54545
10209
5716
10978
94097
175
8493
117178
83959
55166
55466
57205
27131
6789
8492
11010
10001
114771
79729
5861
9678
9913
29080
10036
10581
79035
65095
147968
63979
28987
26610
143384
56895
23424
84319
2140
10971
334
55632
84975
1871
129642
54931
548593
27141
60370
10769
9969
51134
7782
113026
3903
1844
8446
89944
55892
10953
6504
10226
283687
6665
51535
54961
101928718
54606
1514
9677
8766
55748
115817
56257
64963
5591
4927
10758
54920
7462
5690
481
55240
51368
84033
6793
122786
3275
83937
9527
51388
5768
2114
339761
25930
9509
5036
25940
9925
64225
83596
133015
81542
132321
8089
51455
81704
8195
81926
54862
22993
10940
55785
693221
56950
1362
2319
57606
26227
6836
29103
115098
997
10054
1524
27235
3920
81894
23230
4598
23547
4967
10576
5223
6884
1841
219927
58191
84261
9473
56061
257160
3936
400745
140576
7873
84440
9344
25938
286826
8065
80208
7181
22990
27429
1209
6564
163732
100534595
84275
2098
157506
401577
6637
7005
5611
57674
84250
10884
389792
10237
79065
10980
10827
10616
201725
57670
10440
10238
9589
4701
6626
93624
5294
10096
6185
55144
8662
57186
2122
57402
101927609
9450
23157
125981
100302240
6773
29924
112724
9645
3569
28965
6815
10636
145788
55140
80704
11316
55181
1050
79183
1798
471
2992
148932
84330
9289
1183
58493
55636
642846
3251
113174
8208
2863
119559
3613
56063
79050
313
8402
64773
23118
23215
9748
4682
4678
2067
5684
7444
6792
79745
79705
867
5806
7965
692204
84328
10606
7133
3248
79957
84154
23170
102465801
137492
51186
79677
1121
57053
25788
7070
83732
3835
112939
8519
6642
255189
1106
54455
26049
389114
9318
7187
9282
2717
54476
9647
100506084
717
9446
9616
84231
374897
100526737
3730
8277
55357
25921
1690
102465501
60490
6595
5435
388931
54468
11108
8672
219736
83854
5610
10380
4097
2000
57121
54849
2868
79753
5111
257106
9439
6993
6502
2886
149483
6581
10613
84337
51204
9522
11012
8694
4436
222584
80321
7726
151473
51361
324
100132417
23705
10365
23199
100132352
92140
8439
84146
2820
8665
28984
7732
55644
57180
283298
284390
387923
6867
387640
56894
10945
257364
140685
30837
154664
9360
93210
25966
100628315
64975
5797
10949
414328
1577
165324
131566
23062
474344
6929
59307
9698
81579
192670
10457
8555
84441
152007
25963
10771
54884
57659
2791
7106
63934
8313
162972
4337
57539
51315
7799
221981
11078
100129387
123096
29104
143686
8874
56255
51626
9666
163
6314
5961
100128961
4204
8650
1010
171425
9501
100499466
55020
94103
9215
10154
10202
359948
9926
80177
5793
165
3658
64388
5529
66008
5175
6275
3069
81628
55437
140733
23042
100190939
404201
54492
63877
23269
57577
7169
3048
256949
2944
5585
102724030
4820
132949
6035
101929719
56987
2194
81855
56937
7976
5176
170575
140699
400713
100505851
7559
166824
1908
100288332
55323
51148
8702
9182
376940
57509
57520
8287
4842
100505881
5066
23466
8878
54858
5205
440352
6433
162282
728448
125170
7289
23446
11259
84775
23328
6599
10628
57488
7716
79882
55183
27125
56147
7572
9104
1303
3516
6480
5813
729082
2335
10382
101928817
23065
6659
81493
93109
163115
653479
440104
23258
57657
7767
3206
9218
51574
5094
1896
7329
23252
27330
23177
4208
151449
8718
8667
84080
6641
6567
1021
247
9249
274
401097
9716
100507458
4256
1576
9934
54822
3779
50484
6391
51123
4862
283392
1748
8888
166348
2199
8975
56172
6925
1949
10443
27145
57522
83989
9674
79734
29842
100874362
220074
285962
27134
4329
219749
90624
5159
91612
56252
84902
91584
3298
100506282
8623
7337
284361
4916
154881
440515
9649
283050
405
56603
83857
4297
100642175
9481
90639
606495
55800
10432
9823
253559
55384
100616113
2619
9604
55742
101928574
10524
221303
427
5893
6622
26297
25854
79086
286495
23032
283927
1902
26140
4784
1124
367
7580
3590
2256
3176
257194
60313
3958
11046
8714
6489
4327
2030
2774
85007
4641
55814
119504
151887
9910
199870
5101
100189589
28986
23432
23378
5607
89797
3200
79026
80217
4664
51566
8658
7091
100529145
57210
728927
3688
1655
8125
81550
3913
114987
8106
5136
221091
23037
2289
7994
83692
152137
83860
23469
9568
6234
3417
90952
253959
111
11176
51011
22924
84532
81619
4205
94
64710
6934
309
157
152273
159195
11179
2891
27300
7134
2734
114915
6594
7035
6601
4881
728342
51069
114876
152926
131616
158399
54328
6863
150381
29761
101927720
2059
100500854
55832
11080
558
283876
6474
4801
55283
3384
56133
7180
9774
7536
91050
54558
221895
22925
25792
57062
285440
2353
3221
4286
116113
100130733
1778
316
6526
27346
5414
25803
79148
1515
23071
9839
55213
3976
84527
161742
8476
8189
170506
9440
4086
100506215
221078
55591
11057
4752
5279
122830
2119
6584
118924
10659
11335
8939
101927599
79577
84078
81608
101060684
7483
3141
51715
126147
81846
10826
60485
83660
254048
4093
1316
4259
22902
1901
55857
100506144
126859
8663
6453
55187
84138
11020
10788
4589
64743
221749
358
7431
374900
440253
64283
9782
2936
6655
84879
388969
4338
9409
439921
100272228
56849
401021
8556
25814
116441
6259
64788
54800
23462
284406
51665
162655
83641
23524
2615
92304
776
10910
5420
100310812
51422
90317
27314
5125
2628
91754
100528062
23545
56288
2176
100507530
5141
2690
51554
80031
3043
102465526
54765
2200
10585
23321
26013
100506599
100526664
967
55037
10395
2879
79673
22973
2342
91875
102723775
23261
55761
100505854
51463
65125
10206
348
11279
653238
125150
1783
1638
9891
5990
254251
9857
22796
100526832
56900
1629
219654
3234
79895
55193
9597
27201
864
131096
4094
3643
5252
10351
5274
100505933
161176
641700
1556
333926
168620
6344
10160
440348
7026
80298
284439
83478
4802
100631383
79364
3572
7528
79699
414
113612
205717
100287569
23016
83479
55653
858
6509
100132686
9734
79846
57134
23265
7644
1025
29087
644
3482
3631
7627
65244
23451
25932
10793
55691
3624
825
10250
54065
90410
121227
202052
8999
10110
65985
2934
55209
8322
5784
219771
80760
2534
120376
23677
23132
199964
84859
89782
2192
55282
157574
8760
9532
125058
693216
883
4040
92999
2796
1200
8425
4222
79971
51649
80332
192668
6565
54941
8644
101930150
9211
102465453
85315
323
57630
158586
472
201895
51427
8926
219
57553
9815
100132815
80035
633
4750
8470
1501
11099
121512
1998
80862
79896
79632
4638
5745
1191
2676
11228
85004
3709
160518
5289
132241
54806
28992
949
3855
255480
7145
91653
4908
51735
8613
55022
23122
55012
4045
7220
222194
1296
6586
100506190
84649
57211
7168
352961
151742
25983
26471
113246
54977
3305
9654
57556
2037
8675
29068
286451
29989
25957
57209
4921
148203
57692
79901
56474
654466
101927151
79940
374882
441027
56127
30008
100132596
23710
50865
4077
8165
83543
6542
29070
1108
2592
388698
30811
7041
51433
8092
353274
8618
3215
51162
5533
253827
378108
54587
114134
79582
57711
55250
2012
57799
151525
6095
27324
163051
84288
100131755
11015
3422
3800
1292
11325
10914
64061
2908
11269
55717
2953
130399
54467
2521
128077
285671
199704
81545
57459
643749
7360
220965
7175
130132
55273
100996756
1643
1946
128553
2590
4884
100289097
1601
6844
81888
221037
6497
9975
3632
444
138241
100506897
145783
7095
641649
143884
79786
966
5783
10568
1272
1356
79618
388403
221687
27436
9169
258010
3169
317671
92017
5169
6915
105372255
10404
246330
23731
55559
63920
100533105
4013
1612
26061
171392
6733
4154
5063
29780
51773
284273
23564
734
342909
100616142
55904
79660
9534
2184
1308
6443
3480
2946
9697
90987
6368
9728
26058
10447
729234
9397
10178
5108
4773
9208
100506710
6649
656
10147
55227
134492
3652
154791
1268
928
114815
116535
57406
643314
84056
187
8516
83700
724102
100526767
23092
102724250
147923
54873
1203
101928386
57544
10550
23766
54952
90102
54810
4629
214
80139
63931
5383
26018
146057
54566
220108
10172
7266
7874
3955
89890
474170
79192
4858
9886
23041
59352
30000
7029
3679
84888
291
84897
51230
55633
9411
79188
100506639
127495
871
4649
56111
84851
144699
407026
8148
7750
57198
7512
5343
146227
57722
339290
10491
1586
9256
6671
8481
84976
51097
9353
5586
585
54520
123775
91404
399664
113235
23048
4117
91775
55701
3030
5514
3667
221443
55254
147179
2898
5067
4163
51077
84181
79703
11216
10000
8507
1956
51426
5780
23228
253738
100616500
221061
57136
9798
1213
84614
148523
55063
25777
221395
6263
2979
100996419
26009
2042
64784
7846
112770
3638
389136
8395
7745
7743
90993
4131
4289
100652988
197257
80205
148268
9725
202181
102466515
100506311
3764
59343
5465
57492
26160
6646
5919
29799
5578
7067
2039
3306
55692
648740
4035
125
8785
9849
26052
25758
9652
89866
23522
81533
153222
342035
7789
8434
11159
400960
101927263
5727
57730
1152
66005
28232
595
118429
50804
389
55680
387119
4213
22891
3680
57477
114899
7813
5087
7227
10150
51351
84265
79635
55066
10241
7042
55668
122525
7088
253461
150094
147686
2512
643641
51752
388
158880
5742
157869
6662
54875
9068
23598
9467
57514
1363
203286
100288198
3316
2649
389831
56246
26118
11034
79083
152503
11112
6821
55244
11076
51283
84826
11041
317649
2053
51114
100271722
284370
64750
1953
23139
4194
100302254
401022
132160
26084
9638
100507297
285172
123016
5217
23235
388011
23380
847
11201
25925
11214
22821
84162
375743
23543
150759
653464
100505696
84327
29914
79979
783
25945
10718
57662
57194
1073
26229
7695
80778
79768
93663
92211
2273
114882
140462
2181
100506815
338773
2202
192669
1368
960
23098
83943
400027
25849
100499483
28991
116362
114795
63929
54877
8895
1879
2624
100506730
114907
25890
1842
8503
222389
5154
6383
1153
10468
92249
9201
5165
4739
80167
8654
9317
25999
54986
165530
10015
1793
126669
201475
23127
60681
23304
115677
546
65062
2674
5565
5545
29789
254013
54507
10181
3280
100506930
23345
157773
56998
7008
23047
9077
149297
5104
253782
84186
157695
9122
11171
100505483
4919
147670
116255
90634
55089
57863
7594
340544
116835
4628
124641
11170
9217
23097
1264
139818
6285
216
5695
79987
11037
29896
123591
6926
146223
23224
152815
5570
2948
22869
3400
1465
51322
23338
78987
100506606
5939
64756
51569
8620
10020
93164
4776
51062
81698
9175
122970
9139
116987
230
260293
221442
399959
22808
100132356
128854
10217
388394
4291
91
91133
203260
23171
407977
6769
6252
23074
102466719
100616282
10218
171024
646915
400120
224
81035
50486
8629
80184
9967
54756
54665
100190986
59348
100506012
64116
51704
2778
196528
23301
84253
84307
138050
6854
2794
55757
5609
4781
80762
619279
8796
64769
80312
58
55825
29072
5834
56943
5740
5145
57498
64397
8773
6493
4015
387914
10972
48
18
10983
347
7089
1428
2104
794
203414
2938
379025
90338
90627
375248
6711
9747
220930
404672
80705
100302197
6695
200205
92126
6422
57798
3995
6840
11167
22877
8880
400618
23112
56957
56122
3815
81606
26137
6653
155038
594
222663
79848
63895
4089
9639
5927
753
151556
23015
2121
7021
4239
253260
8857
22873
9733
2297
83987
126070
1544
10979
6530
11221
5701
54482
118491
51705
55137
3213
9132
399668
79659
9811
26054
658
100130872
146198
23020
552
583
9223
6007
374819
284
6546
23741
7122
6913
57562
9828
8087
10003
122773
4857
130026
54741
119391
139065
9721
6452
55930
687
286967
828
2006
4248
79724
91151
729857
115825
203062
158960
148103
100532732
2159
22881
2662
2824
23548
162967
23013
5033
10916
115207
1769
2260
79750
55342
5463
167691
150
23176
2153
55268
4223
3841
4898
8076
11215
4621
5126
286527
54681
5494
2625
51760
91768
8139
5455
442578
25759
63923
84436
4267
129787
219743
57523
101927069
7018
6623
54874
4026
9584
22921
22882
644596
79690
9079
9194
55294
55297
6558
6385
4756
726
129804
57493
8321
64786
84281
5544
286097
23493
1994
10455
1846
128977
284408
157680
23263
10520
100506098
5542
79695
6770
6938
56650
255877
154807
283209
55070
84503
55749
54829
79633
399512
282566
285540
4774
140862
4215
1910
25927
1590
644150
38
25852
2620
4053
57619
25959
84719
23554
196446
57491
782
619190
27303
64718
8572
57124
590
4782
127579
5928
254128
100506990
1028
388610
120526
84874
5396
9071
2318
23216
57645
23460
91663
162073
92285
7046
9644
2850
9736
587
23708
25805
10725
10580
2149
117
221662
101929141
800
6277
11103
100129794
5915
29092
6322
9843
1756
6920
83719
3708
114800
55605
100505648
1675
677
163183
4968
4659
1499
387837
9358
22927
93145
5156
9866
51768
92689
55082
5918
56271
1773
7084
166614
23362
51661
55051
91147
158747
1545
10974
340542
645369
1781
8575
3778
79739
23081
5587
441295
56944
339044
9899
23175
7637
100302692
51196
5064
788
55255
26509
51710
64084
340277
5592
57381
2019
5991
153129
1543
100507495
51285
51454
7561
1780
9241
80339
23131
55752
5218
59277
57507
79963
5166
80263
101929964
3092
401265
2145
730091
4907
259217
80303
6786
150763
60412
862
56997
85453
100131827
51201
23090
151613
1809
7707
81618
104413891
222236
375190
10966
6442
9572
92949
158067
9076
10284
57412
5498
24139
83451
57690
1634
3131
5563
901
284391
2530
105373942
100127983
10618
284654
10767
8908
1805
490
1130
57452
9230
22834
3977
8660
55667
158234
8228
83714
58528
153768
100506834
7204
5269
23327
79442
23314
25924
644246
3881
10631
50511
4886
7466
22982
7102
311
340554
36
100874309
119385
1259
23066
9423
81563
375775
57519
1955
23468
4772
81544
140890
254065
2259
253190
647190
285313
11075
56034
84418
4038
1948
65986
84869
57465
56477
83992
90139
79789
5241
51209
7025
30011
6444
80022
80206
222166
7049
23034
2550
79974
255027
51302
389741
6519
58499
4684
1657
160857
375295
84466
5577
525
146894
133957
100506392
27
257407
55186
343450
10163
84624
134111
3883
5295
91694
8324
5264
23331
83891
8722
4814
79625
1602
892
81617
145581
29071
9590
23086
84911
6871
147798
79719
1723
5630
634
50937
26040
27246
5865
10079
130271
9058
8621
6935
284297
64393
4680
553158
11165
2052
389541
26153
283229
101927699
5906
79679
8777
2258
4300
5139
57678
3693
85012
10480
23336
57677
113263
84189
7166
202374
23567
345557
56339
2803
114905
64344
7275
145376
91851
442075
10100
286133
347736
7499
4250
169611
90321
348249
2736
54993
57188
7253
56986
9145
4670
909
23243
55230
7754
2903
22899
1387
26036
4325
9355
2152
201229
10253
388815
285382
29883
100128252
10396
10142
6869
23242
152831
284612
170689
51733
10894
83464
4674
130576
692091
23500
100287226
4810
10554
3075
5324
390927
23365
26045
93661
65065
84223
8800
729732
319101
400451
8991
55769
857
3866
55578
3291
100652772
2330
55870
3120
463
644242
114801
5934
288
59338
27123
79804
1829
221914
201164
57415
222235
100129858
285704
1160
55356
286205
22941
6652
2686
85021
10449
2230
6663
2047
23544
580
79669
60468
23089
92482
126969
80108
148327
8814
112
26290
285550
91624
11240
55599
2819
155006
29091
58508
10406
102465532
4232
23413
8905
5016
145264
7078
596
32
7148
342892
4316
117583
283237
6882
135114
117159
55349
1811
26064
1593
199777
3090
5549
9563
196047
158293
7514
147372
284058
23492
80742
146433
219348
6487
283788
26996
30819
284402
1188
79744
80221
442582
9732
10982
348094
51317
60492
5737
183
5157
6038
101241892
8910
5362
100505494
5178
100129482
25960
7569
6506
11030
1374
7746
51673
768239
56994
9580
54832
2651
79758
2170
80095
55190
9185
55553
8639
256691
100616668
53342
3769
170691
158471
57396
4582
5105
6296
100874164
5257
5764
153579
8543
10461
9404
9662
7696
728577
100616119
84460
55174
80856
6910
55900
3192
1836
2247
55876
4926
1627
9209
23499
10913
94121
51809
58513
59
8974
101928274
55638
5521
3956
23220
3671
57463
200958
115330
7881
89765
683
10350
9863
63971
80318
9779
57185
1278
23576
9946
56967
6009
202333
84883
26166
5649
400961
79589
282996
10411
66002
80018
3488
126393
100507316
27333
54097
4745
376497
57475
83699
27345
5980
320
72
723961
54856
4241
10144
165215
23236
8019
8082
2045
57007
27129
4958
9452
387921
22885
10266
27286
5502
65264
60481
23371
55075
1000
54675
57609
202020
9727
102724851
7057
133396
1410
23366
55450
57161
132014
27031
3268
23461
2026
4299
28971
122060
80349
54857
57613
83657
25833
23635
1207
91695
643827
1831
56920
657
79923
100505538
4047
7582
3953
10521
1131
9043
4948
101929774
5167
1281
4130
57466
100505915
5747
56853
23414
257019
55885
100529215
1149
6495
342926
401264
11237
100506124
5288
348093
117248
137872
3081
3040
81578
51474
63976
57595
29951
2115
395
9096
145270
4155
642517
399694
93166
10516
152330
1645
6627
443
83604
781
286437
80317
6271
79827
5959
3225
7038
26795
441273
1740
9205
57715
54813
80168
79057
1346
6876
116039
283481
595101
33
10319
23350
58503
221476
100616234
22836
10085
79762
10062
2296
26960
728264
727936
79966
100379345
947
2743
56241
1381
4885
100506965
100131998
100132967
81558
102724788
79158
11155
667
6571
9172
4257
346689
4345
2167
10231
23245
5348
57484
8496
4675
5350
22943
154197
79960
154
100131564
482
120
64641
54737
79937
23057
51299
23353
2018
55607
115111
1674
1580
126231
254295
4915
91120
7113
100133319
94274
9737
30061
283383
25802
28968
120114
11096
2203
8028
26577
65982
9499
7368
147920
1009
1396
10782
744
22874
118126072
29995
8190
4604
10512
9422
147685
8110
761
9547
5318
5096
6511
53616
338328
2568
3783
80310
342667
572558
5579
6450
4671
5332
989
100507062
50489
2308
4118
1727
1397
11185
92737
6160
55786
9052
10398
134147
55031
130733
222962
647135
56969
22875
90673
83715
105379426
2348
206338
2487
114327
65268
63928
57639
146540
7586
11341
3918
164832
83439
27443
7482
199221
222553
253650
79730
54664
57864
133022
1295
3880
339524
4969
4046
84171
23039
5507
489
401261
7079
79365
284443
5376
11001
22798
9352
2781
83544
10551
89932
8996
3899
5468
113146
70
7494
285512
90019
57449
5792
8645
400986
101928555
137075
79784
10234
83733
2888
57120
23284
27327
5023
57717
10391
55351
10752
4137
8501
54879
284440
53826
387758
53405
389336
5174
3625
29931
1036
163255
27306
2627
4023
7465
10090
93649
259232
152687
79611
79741
285419
4151
57135
152404
1573
51339
362
7345
84913
83988
130497
85415
11138
185
23205
101928784
57142
55084
10742
1464
341
5239
6660
9413
5304
7139
340267
653082
222234
2246
2995
51083
1408
129049
1950
30812
1087
6097
644192
5152
63924
4072
100507098
3492
51087
3489
9370
5212
6709
54876
765
5121
353189
2947
53844
8309
57573
79170
54861
155465
108
10647
10891
8418
9873
10082
5354
2949
51179
1080
283
57061
3851
8549
153
6445
845
9378
54749
5950
6332
9659
4653
401546
148808
57633
101928524
22849
2239
115265
148
7136
2585
22866
79785
64711
80000
79844
89894
221833
51090
1038
79152
28983
374454
84448
651746
730
100033819
55831
1384
7103
10317
84820
158833
2719
100302263
55026
11283
338785
50617
102725051
6563
84766
8536
341640
57569
135932
27178
9723
9369
477
84152
100533464
100528019
1837
4359
57221
55711
85477
92293
3952
3283
5346
54763
28513
729359
26579
85458
118663
7069
9415
366
5618
2731
83690
4306
344905
375057
641371
4135
152015
64102
8412
9073
4477
10850
9083
59084
83888
3875
685
140686
23316
2940
2173
83401
25891
9796
3158
148811
7704
256764
2066
11197
4246
3290
