3627
51574
9360
6154
1349
948
5411
84154
3429
415117
29889
55035
6164
51186
57016
92196
3857
10412
51503
6741
91942
8411
6229
8796
3895
4753
643161
55863
4709
5932
53340
54951
10153
65109
55856
219402
27258
54443
7381
257415
29078
80254
10283
91057
2171
57639
6144
23029
11235
55299
9933
94240
58517
26019
5685
55854
132946
10631
51315
84081
51134
55329
9045
3320
26354
51118
199704
286053
6139
83939
8727
4939
10247
51002
9141
5771
56943
55646
387695
3799
84324
10600
60492
10443
7175
10051
79657
56925
3428
374618
80173
140890
800
9541
2537
147463
9126
7336
4724
56986
5108
2483
28998
51023
23253
440270
55003
84233
8836
84946
51510
7913
79868
29080
3148
29081
81892
9774
55677
51626
965
84693
387066
6637
10161
51121
28977
10393
51389
146802
6160
2803
10569
55839
10464
2633
25949
54816
902
9321
51065
388962
388815
29028
6166
129531
6173
6902
54482
5743
79921
132321
7539
4528
11179
23469
59082
667
57511
10111
9260
222584
5684
10592
7272
220869
51182
9553
8089
1033
51318
55781
9521
1466
55872
170622
57415
472
51639
5706
51668
51373
3336
1164
5962
6129
10240
8418
10063
64431
6727
90799
6133
10403
9984
8887
6296
6596
83479
64135
84661
9821
7184
143884
34
9169
26275
23256
94104
84057
80145
728492
9988
84240
4697
7153
9976
5552
51241
8520
65110
57226
6128
4712
9787
4820
55285
54851
1730
51372
54534
5803
5965
84651
8803
83852
55074
127253
10892
11005
10346
5926
8087
51105
10094
155370
51455
699
9748
54148
64983
988
51260
9443
147657
29899
301
51747
150468
9349
57102
4085
29089
56647
5393
441282
80071
7748
6990
115749
9735
1622
10808
11193
27089
65117
3682
84319
1933
51397
383
11146
1662
3685
84298
57001
54865
3181
983
22798
83940
27333
9833
79848
4257
5783
64776
10671
56204
7443
6633
26355
3576
5889
5984
7295
1063
65056
6119
6235
5775
8615
54969
339487
8559
54505
54962
55973
64422
915
84817
10733
2551
51187
90410
4069
3301
54931
51808
760
6451
51650
11340
9101
10190
55763
2073
8813
25928
7705
1894
5203
23360
4869
6210
163486
29093
7072
51290
27101
51068
64343
6643
79627
3550
51371
84268
7582
51203
79017
23658
120526
23049
55967
9326
4437
1062
79682
113510
51377
2745
64318
128308
649946
2804
203228
4147
51199
6201
404672
4750
56300
9662
10040
1022
4666
57117
8649
54780
127018
8243
80817
55269
7718
1475
10987
5884
84365
81617
79074
143684
2963
10486
390
79133
11177
8743
26156
163351
139322
84128
1429
93594
401541
81608
2287
7871
83608
79833
6233
5352
7155
160897
51115
892
10721
54460
8195
9879
9188
115294
8601
5074
3437
347744
51699
57337
5997
2205
219749
55172
4659
9166
56942
55012
7447
6249
3176
55619
7571
8674
165055
9318
143879
23190
1070
51562
3646
1102
4751
3832
6728
55183
10923
51651
317671
151011
55246
548645
55179
4236
837
60592
55591
151613
55212
7486
51053
5204
10735
9585
9232
9738
221154
5764
115106
135293
50999
51185
57559
10274
7411
889
11335
79811
2959
84186
55900
4938
3066
51018
10542
25909
10539
85437
10787
6152
727
10200
79898
10480
80745
25800
3248
2958
79717
128061
4780
6189
55132
6629
26036
9652
1832
91419
57129
197259
6742
8233
90141
1649
9039
1163
387103
1781
25836
114908
55320
23451
51167
3459
23333
80258
10969
55602
5707
25994
440585
132
54981
10213
51527
91298
9419
56945
96764
1745
92344
6627
8669
64288
5557
7555
4246
5687
9236
3329
55727
6772
590
8661
51805
6253
55165
6993
6917
9646
7257
255520
4515
65055
6322
10150
23595
51742
25788
9014
389336
135112
29097
29090
10988
10668
57509
51138
8809
22936
26586
8672
11120
23456
9950
114926
51001
55082
10196
27257
10010
57678
2710
414189
10973
389692
84520
7750
55120
92400
26816
3622
23643
261726
29994
2135
8805
55131
25998
26091
91612
1347
6059
6672
79675
5321
7270
79612
79009
84455
51119
388753
139341
55236
23483
56916
6165
58505
53343
8417
11164
26255
5597
10597
6279
160418
64960
5358
51091
79752
26009
8065
8293
6788
51110
7347
375748
51663
54431
55105
5955
286148
3688
27247
9135
55848
57122
285203
54499
134510
51012
9406
7019
152518
23215
22950
5111
23443
6683
90865
5876
9669
29066
8723
84312
2965
28985
55605
51633
25978
5805
79081
84938
9338
54839
55388
4644
6224
8317
29117
55109
64979
11132
55145
29110
22826
10208
10447
7388
6873
5189
54529
6083
79609
2241
79573
170960
90637
493753
6605
64786
103910
9262
79624
51569
834
26127
529
27242
552900
54469
5423
3572
79645
51122
9584
10557
9482
6218
23059
1479
137492
23301
29121
27068
83448
6594
3612
4694
90594
57045
285282
285381
60684
5683
51192
1350
3796
10694
51133
55892
1161
56254
11183
25832
64430
11259
84129
26521
7360
389289
55013
6095
79882
114791
152137
10168
8883
170506
84318
55759
5718
100505664
3709
81627
59286
55276
257218
26098
91860
90592
5238
440145
5716
132789
23234
9782
57380
4725
55023
134359
9133
5828
8481
317
90701
51474
115209
23412
196446
53371
55125
10026
57149
1672
79866
7265
10015
9627
55732
26046
125893
3433
51247
51496
10915
55812
51406
286527
29966
90843
11056
57035
23590
26273
4707
6883
29964
54625
55744
253959
57584
2339
65062
91355
9156
10950
60496
54947
26520
25950
50801
374354
84181
388272
9111
2940
284611
7013
3396
51645
55471
6317
6100
2182
3281
22902
5445
2108
1345
80135
10428
54065
55813
3150
79871
84300
25797
57763
80055
137682
55578
282809
55300
219927
117177
7795
10495
1983
51020
1653
7702
64965
129401
11260
643253
7905
8028
1069
57456
122809
4976
84196
10910
728758
10205
474338
10617
119032
55614
285343
56261
52
4190
10576
51691
118433
1105
130502
51144
4708
26258
51715
6125
28957
22841
8050
25816
8453
23480
256471
57092
98
11162
286410
9824
57223
10845
6286
4734
148423
5701
55858
114327
23629
178
92259
831
4927
9849
7110
11062
9657
114882
92140
345778
55505
1290
57520
3146
81853
891
116461
9982
8540
4738
10180
8487
57508
57231
10935
6457
318
2202
25843
57534
80345
900
23594
153443
216
585
9874
10049
51720
9510
115201
51501
2634
64108
11320
9790
58478
8780
3308
5281
5427
51616
26471
84108
55768
549
158219
5303
152100
4683
51095
6251
51056
150274
84549
55342
4690
120534
53938
7572
6879
25842
29079
3211
26286
51074
55827
5721
5464
9946
60558
79072
151188
5728
83941
285268
10210
84190
10905
84987
9597
112495
9550
23548
29074
8634
199
7095
112611
890
64089
830
54664
79663
51258
285440
10621
3964
55752
57696
6729
29104
55975
387836
117178
80010
83932
644511
23390
64864
5723
79817
3717
8802
51585
1176
90826
51022
440138
145957
6434
10874
7398
7125
64225
84869
11222
23287
53339
64801
112849
56954
60561
54149
83930
1111
9861
201965
51522
79135
2971
2146
55277
51535
23136
55144
6726
5686
3655
4591
51382
9636
7525
79893
8667
51380
54940
6155
134728
25914
29945
79635
10813
55339
56985
8896
11342
51000
5357
8881
51601
139886
3094
6647
259217
2098
79023
84216
9847
8519
84294
122553
340654
25821
4711
6613
23473
10559
84896
22998
29982
29087
3843
3344
148753
10112
55296
908
11311
51131
29083
119392
11275
129831
2939
79161
4729
4430
91137
8550
6996
51362
51300
196792
5921
201595
94134
3189
55745
8644
5271
8886
7978
105376398
60488
55762
55133
2796
4691
11315
49855
9702
5288
151525
9488
10402
7580
9589
7627
97
51135
125050
6016
4116
10282
64924
25805
83879
10625
2568
11339
10059
23424
57539
55717
23527
7181
5872
10038
7164
84933
4287
51528
6120
8798
57721
348235
22
51128
51366
79830
6731
6938
114659
83480
64432
114294
64216
23200
84950
54517
5019
64770
1776
51649
8573
132299
10640
23022
1902
51106
51010
54841
150684
220988
11104
55355
65084
340252
5257
25983
54495
84146
10588
56950
5981
83657
2271
112752
143
27291
9559
285989
1842
6905
83732
84328
25934
8774
123016
51302
55100
79876
51030
80237
5471
57698
79665
8562
204
5700
7266
7169
9786
4534
79631
55197
23431
57037
55552
25917
23586
81545
79886
51379
8905
148156
130355
116228
85440
55151
29880
1315
51277
55148
134492
54984
27122
57404
161742
131118
64376
285958
7570
5902
4810
51100
26225
51692
57728
6273
7298
54802
3298
86
8872
153364
28970
6632
22803
805
81573
51765
58527
6885
28966
4673
55780
25996
6507
51642
5016
10471
27347
22920
6884
26259
80349
23317
90075
11017
221294
528
9055
9025
9107
54830
55081
4001
118672
26589
63915
1737
1998
919
25852
23064
11051
51643
9330
55094
4200
23479
374969
7178
114883
8654
6419
388722
1075
8467
9465
6303
10463
157773
501
5612
51234
246184
8819
84707
132949
51444
221443
9367
9535
129285
4686
64400
79031
10651
54585
29071
102723775
858
3842
154661
11266
51611
63908
10302
79003
8546
153129
51361
79582
55860
22881
10449
305
7596
1195
134266
113174
135114
55332
283219
56911
348793
120227
51174
55270
10260
2690
50809
2632
38
8544
8443
57088
56922
28978
5356
23764
128338
288
55786
22949
123720
648
9319
92399
55423
253769
3925
203427
55006
9958
5504
9749
6001
6894
4548
26750
3909
23142
10224
1058
81704
1824
3431
10455
5910
9459
55757
51013
120425
84259
54737
54675
64172
10914
64429
28512
8932
51660
22916
669
60559
9512
55916
10528
7569
493856
22800
998
11019
6259
55293
1666
112950
2825
79895
6717
84163
55608
5311
56267
51367
55331
7553
11130
79685
83744
5134
10797
84280
654364
260293
54927
6790
54680
3422
10301
54165
9397
153339
23224
11196
157697
29922
51321
25911
2961
5264
494514
9474
7581
5201
54793
27309
10943
11034
118487
22974
1012
7139
219844
123263
10016
8318
1147
285148
10857
131474
93627
1434
9928
57120
5001
5862
57003
55661
152815
653121
57103
7589
4942
23635
53836
51194
27292
10330
340542
51175
58493
4076
5162
9218
6453
11234
267002
6428
10490
7358
22938
10799
7741
5283
9140
9202
829
51098
11200
201158
9063
4999
6124
145553
25936
84524
55284
64116
81542
5440
54069
5394
2790
51126
55755
9475
83548
3313
51531
10693
9364
55556
1678
55192
57150
10775
79020
92737
1903
25904
51170
54955
23047
4678
124152
266812
2054
27018
10380
5861
414328
5682
64417
55692
51634
23310
55617
63899
91392
10392
2967
29766
55609
79896
124808
55830
26272
135154
10762
51659
4140
3784
23765
23511
90780
7343
89780
112398
10755
997
2026
63874
113419
64780
29941
388394
55182
607
6778
57085
54
9150
196743
4580
389816
246330
128178
79228
23096
283991
55210
79701
83444
5590
2738
414
84619
6499
2192
79797
58509
9215
2052
29894
4007
79004
79947
83999
54496
5528
25851
2709
55324
9203
7433
53
6878
10838
25870
55890
28511
84872
51257
81559
116985
9344
5986
1676
79762
64852
4150
9717
56342
11285
5875
219931
56998
84326
80212
26999
2707
140459
93145
408
56927
4302
54662
7536
4826
10227
2873
26470
24148
5603
6487
1785
79724
8178
29903
8623
9399
23361
80221
51129
54555
57140
84309
79960
3898
7355
11282
81788
10856
10869
26119
255783
11313
29781
90121
23510
113230
29925
2976
5298
9842
51754
8878
6650
23403
113189
6293
79090
79990
5768
348110
8326
7067
357
11100
5971
5032
11091
51097
84969
23187
8273
54498
9862
5977
23413
1912
7014
55558
84552
2011
79683
79581
222962
81490
375
55624
25825
10998
7041
261734
6609
9261
64374
6297
9973
1820
147808
7089
2021
219743
55695
55295
1642
89944
84720
6720
58985
93185
252969
50863
83692
23163
5045
389792
79847
375775
10522
29946
83700
399665
4782
317781
5598
80326
1819
1613
63893
9605
6522
84286
23464
4209
114790
55658
25920
8021
26090
6714
23087
25864
81858
10548
11151
79183
126695
3815
342371
57222
4343
1201
11344
9817
6820
10444
326625
7706
4482
5443
56937
84818
115290
9563
89887
84271
79767
79877
54788
1945
26133
91
7384
164091
5708
65083
81888
64777
29988
55090
113178
80764
26100
11128
55072
112703
9927
79842
123096
311
367
10474
10078
163702
79575
9684
126119
84261
64856
64077
10573
84219
113622
26508
57655
2621
29890
57805
6667
5345
1497
10904
5190
899
126133
3714
6513
1025
6560
9907
10067
3425
7205
84951
3632
399664
51363
65264
374907
9149
30844
80346
8612
285971
54606
131578
55615
23203
6904
6545
8907
2002
11000
116138
81628
28952
51588
11332
5989
2137
808
57647
55663
54784
5905
170487
7332
644096
81618
26873
54961
9683
201176
8192
6305
53827
10068
23580
4665
6183
57549
23457
79643
55654
2934
6746
6132
1152
2010
22937
2760
23400
92799
94005
139285
10238
51614
55898
1725
5753
5976
7477
57761
79711
9564
54982
26015
54472
54795
55066
2629
23211
6237
84954
57410
81037
8996
6455
6468
7867
9170
79690
2997
64114
10101
3297
113675
11047
79007
29888
28988
1944
55343
8312
255239
84514
25
79671
170954
23492
55544
9249
57048
54869
79190
55684
81558
54101
6876
81532
23370
7423
114785
10423
123591
5333
5881
2794
572
113655
5818
8662
1298
7988
387763
64005
1154
140901
132160
147912
2068
22827
9632
5326
2539
7593
55697
80864
26000
5819
2962
2580
1815
55503
84861
10922
8214
118
29926
57165
51114
57801
27245
6768
3268
23241
10616
2077
10498
84548
6015
1747
140801
50626
5270
57658
613
10197
5754
2000
29985
8314
54849
92999
23344
65057
26284
6097
317762
6050
84440
112616
55665
10318
7428
93129
57666
9739
2166
7916
66004
22809
4267
55527
57706
10400
23559
11135
8751
22907
64978
28992
56834
51599
79058
7108
1949
64847
1727
84875
122416
84276
8225
166336
54913
192111
8266
7469
348487
10280
64342
55902
593
63906
6604
84330
5518
5296
6602
666
399909
7862
2769
1639
6472
147906
80233
124402
83985
9422
55731
23640
22913
10567
3105
28964
374291
55810
57153
79050
22845
51225
90313
115704
1001
84335
9537
64598
51337
1609
203068
9123
283149
11078
64748
79709
84922
1910
124565
55357
84364
3241
113452
389
10634
10897
22924
132014
4924
1508
641649
6535
5447
10273
823
207
9040
10489
26240
50628
8742
30815
6536
29886
4641
23295
55611
3421
56924
7008
171568
25987
5476
6640
64423
2872
7461
4056
55690
10295
84988
11041
221937
54815
58485
5595
79603
22932
163033
51310
57121
55666
84836
6662
25844
7045
90522
64943
11156
79154
6464
81932
155382
80023
3340
254359
91056
25798
80142
414919
79885
57175
5310
29952
1153
80207
56257
825
10158
115509
10106
126208
79791
7157
7917
124997
3913
11187
27161
22794
168544
8566
91373
10536
5726
84232
2242
741
192286
30851
25865
54923
6048
6794
11253
537
51760
55893
339344
23246
920
51621
79629
58190
84448
83871
2548
51160
8131
8694
9328
1627
5625
602
84231
11336
3927
23659
51368
91289
56931
80176
10300
26001
9610
64207
8425
10014
63876
6836
199990
114879
79637
79759
79929
26205
4000
125058
1468
83719
57118
65094
5164
79713
9289
3691
79894
7542
51006
10093
4047
1562
23612
5970
2783
23254
7392
1850
80727
118460
54820
10079
23399
347734
55336
2314
10758
284403
93343
51586
4303
6626
9612
51112
25930
9145
7106
10938
2296
80271
7703
6320
51295
6601
57447
124044
6668
1241
23207
79176
23633
54897
25980
64223
54361
7726
81605
6709
6261
93100
8237
4245
55501
90007
27079
54512
55659
80772
10809
81857
84993
3996
10262
79065
23277
3728
64285
10066
89853
10043
3054
10383
6813
6405
79594
10801
57418
51608
9919
51090
10945
10362
7317
23624
1200
81876
59344
369
91768
84336
1718
27301
10509
376497
124220
2055
9409
347735
54985
113829
4174
84878
5886
1593
60678
6510
8666
256281
94015
27044
124446
90060
79735
26056
51435
5442
79148
2193
254295
10162
23558
8705
55095
51150
11284
10279
83931
23401
23654
8078
54785
3707
7284
23550
170463
55048
149076
124935
26020
221504
342897
9189
80700
80790
5195
60343
9761
2063
81622
9784
90379
84958
27013
1291
3119
125950
7473
84892
6337
83746
26048
8379
10629
9993
4967
1265
2821
5605
8263
400566
64925
1775
126792
1717
7376
90231
1762
113000
51157
11180
64763
23130
10493
9807
1397
440400
9091
25777
53635
147700
348938
6829
255189
2975
200942
7791
29928
4692
2275
1628
6892
57192
84886
4054
51222
84926
23386
11270
6723
388969
11070
51195
29803
79784
79143
3955
9810
11054
84532
142678
6839
535
23646
5909
124583
57455
54531
341405
10298
55020
3934
7016
10458
79720
63940
113179
51005
57617
10607
377
113878
3316
57799
6338
55258
144501
5524
430
79171
5029
56413
4926
10089
6688
164284
58191
121665
54932
2125
51282
1101
407835
79180
6776
2907
65078
2771
6618
4814
11237
25907
57662
5119
9536
80381
56949
23144
1186
26173
83743
23625
348262
388585
8986
2049
56963
80270
226
284353
79034
51246
51116
768
9022
10908
286077
116844
3557
83590
1605
10848
972
552889
128272
84266
6256
90324
25833
6692
4125
79586
7132
8722
9679
170394
10555
1445
54958
4854
257364
63935
949
84975
8019
168002
2051
80789
26505
4335
79006
4357
826
23338
92579
84885
56997
83643
5287
10608
55652
4296
391
4723
11033
1535
54978
9524
598
65108
4784
29924
79083
8175
5652
79414
6548
2319
527
90956
83715
5763
64218
51107
26145
83541
148022
5589
51393
23396
1050
90203
91300
79073
23170
91978
1408
3959
1059
51545
10025
10994
162979
6448
84985
9961
7351
9903
64743
9114
123099
51604
340348
392
140467
7760
4137
79144
112770
5002
2875
5914
161882
79102
84152
84277
50512
6712
4681
83638
10155
83696
51200
2767
2896
85456
80352
54863
93210
55201
3866
633
10163
2039
5211
8784
90204
5834
1209
9796
8427
388564
9638
2817
8985
83986
6385
25796
83442
57414
8733
400451
80019
4037
196463
79803
1917
79873
6844
84948
404217
4861
7704
5178
84876
147807
22839
163732
9721
56901
4597
25946
5453
738
23475
682
126321
6367
11247
4157
3159
155066
50489
2593
448834
220002
396
348
129049
2217
64711
22983
2273
7466
113791
7077
10174
3039
4902
1002
6576
1509
8857
92840
25799
83882
374454
56241
56905
23466
170680
23641
100126798
5339
90019
3490
11178
347733
57124
5064
5973
164656
347
85495
146433
1638
203190
6490
